T 2271 21 30 0
T 2346 21 31 0
T 2421 21 32 0
T 2496 21 33 0
T 2571 21 34 0
T 2646 21 35 0
T 2721 21 36 0
T 2796 21 37 0
T 2871 21 38 0
T 2946 21 39 0
T 3021 21 40 0
T 3096 21 41 0
T 3171 21 42 0
T 2272 22 30 0
T 3172 22 42 0
T 2273 23 30 0
T 3173 23 42 0
T 2274 24 30 0
T 3174 24 42 0
T 2275 25 30 0
T 2725 25 36 3
T 3175 25 42 0
T 2276 26 30 0
T 3176 26 42 0
T 2277 27 30 0
T 3177 27 42 0
T 2278 28 30 0
T 3178 28 42 0
T 2279 29 30 0
T 3179 29 42 0
T 2280 30 30 0
T 2505 30 33 6
T 2730 30 36 6
T 2955 30 39 6
T 3180 30 42 0
T 2281 31 30 0
T 3181 31 42 0
T 2282 32 30 0
T 2732 32 36 1
T 3182 32 42 0
T 2283 33 30 0
T 3183 33 42 0
T 2284 34 30 0
T 3184 34 42 0
T 2285 35 30 0
T 2360 35 31 2
T 2435 35 32 2
T 2510 35 33 2
T 2585 35 34 2
T 2660 35 35 2
T 2735 35 36 2
T 2810 35 37 2
T 2885 35 38 2
T 2960 35 39 2
T 3035 35 40 2
T 3110 35 41 2
T 3185 35 42 0
T 2286 36 30 0
T 3186 36 42 0
T 2287 37 30 0
T 3187 37 42 0
T 2288 38 30 0
T 2738 38 36 4
T 3188 38 42 0
T 2289 39 30 0
T 3189 39 42 0
T 2290 40 30 0
T 2365 40 31 0
T 2440 40 32 0
T 2515 40 33 0
T 2590 40 34 0
T 2665 40 35 0
T 2740 40 36 0
T 2815 40 37 0
T 2890 40 38 0
T 2965 40 39 0
T 3040 40 40 0
T 3115 40 41 0
T 3190 40 42 0
C 2732 2360
C 2732 2435
C 2732 2510
C 2732 2585
C 2732 2660
C 2732 2735
C 2732 2810
C 2732 2885
C 2732 2960
C 2732 3035
C 2732 3110
