T 2627 2 35 0
T 2702 2 36 0
T 2777 2 37 0
T 2852 2 38 0
T 2927 2 39 0
T 3002 2 40 0
T 3077 2 41 0
T 2628 3 35 0
T 3078 3 41 0
T 2629 4 35 0
T 3079 4 41 0
T 2555 5 34 0
T 2630 5 35 0
T 3080 5 41 0
T 3155 5 42 0
T 2556 6 34 0
T 3156 6 42 0
T 2557 7 34 0
T 2857 7 38 3
T 3157 7 42 0
T 2558 8 34 0
T 3158 8 42 0
T 2559 9 34 0
T 3159 9 42 0
T 2560 10 34 0
T 2635 10 35 0
T 2710 10 36 0
T 3010 10 40 0
T 3085 10 41 0
T 3160 10 42 0
T 2711 11 36 0
T 3011 11 40 0
T 2712 12 36 0
T 3012 12 40 0
T 2713 13 36 0
T 3013 13 40 0
T 2714 14 36 0
T 3014 14 40 0
T 2715 15 36 0
T 3015 15 40 0
T 2716 16 36 0
T 3016 16 40 0
T 2567 17 34 0
T 2642 17 35 0
T 2717 17 36 0
T 3017 17 40 0
T 3092 17 41 0
T 2568 18 34 0
T 3093 18 41 0
T 2569 19 34 0
T 3094 19 41 0
T 2570 20 34 0
T 3095 20 41 0
T 2571 21 34 0
T 2871 21 38 4
T 3096 21 41 0
T 2572 22 34 0
T 3097 22 41 0
T 2573 23 34 0
T 2648 23 35 0
T 3023 23 40 0
T 3098 23 41 0
T 2649 24 35 0
T 3024 24 40 0
T 2650 25 35 0
T 3025 25 40 0
T 2651 26 35 0
T 2726 26 36 0
T 2801 26 37 0
T 2876 26 38 0
T 2951 26 39 0
T 3026 26 40 0
