T 6820 20 68 0
T 6920 20 69 0
T 7020 20 70 0
T 7120 20 71 0
T 7220 20 72 0
T 7320 20 73 0
T 7420 20 74 0
T 7520 20 75 0
T 7620 20 76 0
T 7720 20 77 0
T 6821 21 68 0
T 7721 21 77 0
T 6822 22 68 0
T 7722 22 77 0
T 6823 23 68 0
T 7023 23 70 1
T 7223 23 72 5
T 7423 23 74 5
T 7723 23 77 0
T 6824 24 68 0
T 7724 24 77 0
T 3325 25 33 0
T 3425 25 34 0
T 3525 25 35 0
T 3625 25 36 0
T 3725 25 37 0
T 3825 25 38 0
T 3925 25 39 0
T 4025 25 40 0
T 4125 25 41 0
T 4225 25 42 0
T 4325 25 43 0
T 4425 25 44 0
T 4525 25 45 0
T 4625 25 46 0
T 4725 25 47 0
T 4825 25 48 0
T 4925 25 49 0
T 5025 25 50 0
T 5125 25 51 0
T 5225 25 52 0
T 5325 25 53 0
T 5425 25 54 0
T 5525 25 55 0
T 5625 25 56 0
T 5725 25 57 0
T 5825 25 58 0
T 5925 25 59 0
T 6025 25 60 0
T 6125 25 61 0
T 6825 25 68 0
T 7025 25 70 5
T 7225 25 72 5
T 7425 25 74 5
T 7725 25 77 0
T 3326 26 33 0
T 4926 26 49 6
T 6126 26 61 0
T 6826 26 68 0
T 7726 26 77 0
T 3327 27 33 0
T 3827 27 38 6
T 4427 27 44 6
T 5427 27 54 6
T 5927 27 59 6
T 6127 27 61 0
T 6827 27 68 0
T 7727 27 77 0
T 3328 28 33 0
T 4728 28 47 6
T 5128 28 51 6
T 5628 28 56 6
T 6128 28 61 0
T 6828 28 68 0
T 6928 28 69 2
T 7028 28 70 2
T 7128 28 71 2
T 7228 28 72 0
T 7328 28 73 0
T 7428 28 74 0
T 7528 28 75 0
T 7628 28 76 0
T 7728 28 77 0
T 3329 29 33 0
T 4129 29 41 6
T 6129 29 61 0
T 6829 29 68 0
T 7229 29 72 0
T 3330 30 33 0
T 3530 30 35 6
T 3730 30 37 0
T 3830 30 38 0
T 3930 30 39 0
T 4030 30 40 0
T 4130 30 41 0
T 4230 30 42 0
T 4330 30 43 0
T 4430 30 44 0
T 4530 30 45 0
T 4630 30 46 0
T 4730 30 47 0
T 4830 30 48 0
T 4930 30 49 0
T 5030 30 50 0
T 5130 30 51 0
T 5230 30 52 0
T 5330 30 53 0
T 5430 30 54 0
T 5530 30 55 0
T 5630 30 56 0
T 5730 30 57 0
T 6130 30 61 0
T 6230 30 62 0
T 6330 30 63 0
T 6430 30 64 0
T 6530 30 65 0
T 6630 30 66 0
T 6730 30 67 0
T 6830 30 68 0
T 7230 30 72 0
T 3331 31 33 0
T 3731 31 37 0
T 5731 31 57 0
T 6931 31 69 6
T 7231 31 72 0
T 3332 32 33 0
T 3732 32 37 0
T 5732 32 57 0
T 5932 32 59 1
T 7232 32 72 0
T 3333 33 33 0
T 3733 33 37 0
T 5733 33 57 0
T 6533 33 65 0
T 6633 33 66 0
T 6733 33 67 0
T 6833 33 68 0
T 6933 33 69 6
T 7133 33 71 6
T 7233 33 72 0
T 3334 34 33 0
T 3734 34 37 0
T 5734 34 57 0
T 5834 34 58 0
T 5934 34 59 0
T 6034 34 60 0
T 6134 34 61 0
T 6234 34 62 0
T 6334 34 63 0
T 6534 34 65 0
T 6834 34 68 0
T 7234 34 72 0
T 3335 35 33 0
T 3735 35 37 0
T 5735 35 57 0
T 6335 35 63 0
T 6535 35 65 0
T 6835 35 68 0
T 6935 35 69 6
T 7235 35 72 0
T 3336 36 33 0
T 3736 36 37 0
T 5736 36 57 0
T 5936 36 59 5
T 6036 36 60 5
T 6136 36 61 5
T 6336 36 63 0
T 6536 36 65 0
T 6836 36 68 0
T 6936 36 69 6
T 7136 36 71 6
T 7236 36 72 0
T 3337 37 33 0
T 3537 37 35 6
T 3737 37 37 0
T 4037 37 40 0
T 4137 37 41 0
T 4237 37 42 0
T 4337 37 43 0
T 4437 37 44 0
T 4537 37 45 0
T 5737 37 57 0
T 6337 37 63 0
T 6537 37 65 0
T 6837 37 68 0
T 7237 37 72 0
T 3338 38 33 0
T 3738 38 37 0
T 4038 38 40 0
T 4538 38 45 0
T 4638 38 46 0
T 4738 38 47 0
T 4838 38 48 0
T 5738 38 57 0
T 6338 38 63 0
T 6538 38 65 0
T 6838 38 68 0
T 7238 38 72 0
T 3339 39 33 0
T 3739 39 37 0
T 4039 39 40 0
T 4239 39 42 1
T 4839 39 48 0
T 4939 39 49 0
T 5039 39 50 0
T 5139 39 51 0
T 5239 39 52 0
T 5339 39 53 0
T 5739 39 57 0
T 5939 39 59 6
T 6139 39 61 6
T 6339 39 63 0
T 6539 39 65 0
T 6839 39 68 0
T 7239 39 72 0
T 3340 40 33 0
T 3740 40 37 0
T 4040 40 40 0
T 4440 40 44 5
T 5340 40 53 0
T 5740 40 57 0
T 6340 40 63 0
T 6540 40 65 0
T 6640 40 66 0
T 6740 40 67 0
T 6840 40 68 0
T 6940 40 69 2
T 7040 40 70 2
T 7140 40 71 2
T 7240 40 72 0
T 7340 40 73 0
T 7440 40 74 0
T 3341 41 33 0
T 3741 41 37 0
T 4041 41 40 0
T 5341 41 53 0
T 5441 41 54 0
T 5741 41 57 0
T 5941 41 59 6
T 6141 41 61 6
T 6341 41 63 2
T 6541 41 65 0
T 6641 41 66 0
T 7441 41 74 0
T 3342 42 33 0
T 3742 42 37 0
T 4042 42 40 0
T 4142 42 41 0
T 4342 42 43 5
T 5042 42 50 6
T 5142 42 51 6
T 5442 42 54 0
T 5542 42 55 0
T 5742 42 57 0
T 6342 42 63 0
T 6442 42 64 0
T 6542 42 65 0
T 6642 42 66 0
T 7442 42 74 0
T 3343 43 33 0
T 3743 43 37 0
T 4143 43 41 0
T 5643 43 56 0
T 5743 43 57 0
T 5843 43 58 0
T 5943 43 59 0
T 6043 43 60 0
T 6143 43 61 0
T 6243 43 62 0
T 6343 43 63 0
T 7443 43 74 0
T 3344 44 33 0
T 3744 44 37 0
T 4244 44 42 0
T 4944 44 49 6
T 5244 44 52 6
T 5444 44 54 5
T 5644 44 56 0
T 5744 44 57 0
T 6044 44 60 0
T 7444 44 74 0
T 7544 44 75 0
T 7644 44 76 0
T 7744 44 77 0
T 7844 44 78 0
T 7944 44 79 0
T 2645 45 26 0
T 2745 45 27 0
T 2845 45 28 0
T 2945 45 29 0
T 3045 45 30 0
T 3145 45 31 0
T 3245 45 32 0
T 3345 45 33 0
T 3745 45 37 0
T 3845 45 38 0
T 3945 45 39 0
T 4045 45 40 0
T 4345 45 43 0
T 4845 45 48 6
T 5745 45 57 0
T 6045 45 60 0
T 6345 45 63 6
T 6545 45 65 6
T 7945 45 79 0
T 2646 46 26 0
T 4046 46 40 0
T 4146 46 41 0
T 4346 46 43 0
T 5746 46 57 0
T 6046 46 60 0
T 7546 46 75 6
T 7746 46 77 6
T 7946 46 79 0
T 8246 46 82 0
T 8346 46 83 0
T 8446 46 84 0
T 8546 46 85 0
T 8646 46 86 0
T 8746 46 87 0
T 8846 46 88 0
T 8946 46 89 0
T 9046 46 90 0
T 2647 47 26 0
T 4147 47 41 0
T 4347 47 43 0
T 4947 47 49 0
T 5047 47 50 0
T 5247 47 52 0
T 5347 47 53 0
T 5747 47 57 0
T 6047 47 60 0
T 6347 47 63 6
T 6547 47 65 6
T 7947 47 79 0
T 8247 47 82 0
T 9047 47 90 0
T 2648 48 26 0
T 2848 48 28 6
T 3148 48 31 6
T 3548 48 35 6
T 3948 48 39 6
T 4148 48 41 0
T 4348 48 43 0
T 4448 48 44 0
T 4848 48 48 6
T 5748 48 57 0
T 5848 48 58 0
T 5948 48 59 0
T 6048 48 60 0
T 6948 48 69 0
T 7048 48 70 0
T 7148 48 71 0
T 7248 48 72 0
T 7348 48 73 0
T 7548 48 75 6
T 7748 48 77 6
T 7948 48 79 0
T 8048 48 80 0
T 8148 48 81 0
T 8248 48 82 0
T 8448 48 84 6
T 8648 48 86 6
T 8848 48 88 5
T 9048 48 90 0
T 9148 48 91 0
T 9248 48 92 0
T 9348 48 93 0
T 9448 48 94 0
T 2649 49 26 0
T 4149 49 41 0
T 4449 49 44 0
T 4549 49 45 0
T 6949 49 69 2
T 7349 49 73 0
T 9449 49 94 0
T 2650 50 26 0
T 4150 50 41 0
T 4550 50 45 0
T 4750 50 47 6
T 6950 50 69 2
T 7150 50 71 4
T 7350 50 73 0
T 8450 50 84 6
T 8650 50 86 6
T 9250 50 92 3
T 9450 50 94 0
T 2651 51 26 0
T 3351 51 33 6
T 3551 51 35 6
T 3851 51 38 6
T 4151 51 41 0
T 4351 51 43 0
T 4451 51 44 0
T 4551 51 45 0
T 4951 51 49 0
T 5051 51 50 0
T 5251 51 52 0
T 5351 51 53 0
T 6351 51 63 6
T 6551 51 65 6
T 6951 51 69 2
T 7351 51 73 0
T 9451 51 94 0
T 2652 52 26 0
T 2852 52 28 6
T 3052 52 30 6
T 4152 52 41 0
T 4352 52 43 0
T 5752 52 57 0
T 5852 52 58 0
T 5952 52 59 0
T 6052 52 60 0
T 6952 52 69 0
T 7052 52 70 0
T 7152 52 71 0
T 7252 52 72 0
T 7352 52 73 0
T 7552 52 75 6
T 7752 52 77 6
T 7952 52 79 0
T 8052 52 80 0
T 8152 52 81 0
T 8252 52 82 0
T 8452 52 84 6
T 8652 52 86 6
T 8852 52 88 5
T 9052 52 90 0
T 9152 52 91 0
T 9252 52 92 0
T 9352 52 93 0
T 9452 52 94 0
T 2653 53 26 0
T 4153 53 41 0
T 4353 53 43 0
T 4653 53 46 6
T 5753 53 57 0
T 6053 53 60 0
T 6353 53 63 6
T 6553 53 65 6
T 7953 53 79 0
T 8253 53 82 0
T 9053 53 90 0
T 2654 54 26 0
T 3254 54 32 0
T 3354 54 33 0
T 3754 54 37 0
T 3854 54 38 0
T 4154 54 41 0
T 4354 54 43 0
T 5654 54 56 0
T 5754 54 57 0
T 6054 54 60 0
T 7554 54 75 6
T 7754 54 77 6
T 7954 54 79 0
T 8254 54 82 0
T 8354 54 83 0
T 8454 54 84 0
T 8554 54 85 0
T 8654 54 86 0
T 8754 54 87 0
T 8854 54 88 0
T 8954 54 89 0
T 9054 54 90 0
T 2655 55 26 0
T 3255 55 32 0
T 3855 55 38 0
T 4155 55 41 0
T 4355 55 43 0
T 4655 55 46 6
T 4955 55 49 0
T 5055 55 50 0
T 5255 55 52 0
T 5355 55 53 0
T 5655 55 56 0
T 6055 55 60 0
T 7955 55 79 0
T 2656 56 26 0
T 3256 56 32 0
T 3856 56 38 0
T 4156 56 41 0
T 4356 56 43 0
T 5656 56 56 0
T 6056 56 60 0
T 6156 56 61 0
T 6256 56 62 0
T 6356 56 63 0
T 6456 56 64 0
T 6556 56 65 0
T 6656 56 66 0
T 7456 56 74 0
T 7556 56 75 0
T 7656 56 76 0
T 7756 56 77 0
T 7856 56 78 0
T 7956 56 79 0
T 2657 57 26 0
T 3257 57 32 0
T 3557 57 35 1
T 3857 57 38 0
T 4157 57 41 0
T 4357 57 43 0
T 4657 57 46 6
T 5457 57 54 6
T 5657 57 56 0
T 6657 57 66 0
T 7457 57 74 0
T 2658 58 26 0
T 3258 58 32 0
T 3858 58 38 0
T 4158 58 41 0
T 4358 58 43 0
T 4958 58 49 0
T 5058 58 50 0
T 5258 58 52 0
T 5358 58 53 0
T 5658 58 56 0
T 5858 58 58 0
T 5958 58 59 0
T 6058 58 60 0
T 6158 58 61 0
T 6258 58 62 0
T 6358 58 63 0
T 6458 58 64 0
T 6558 58 65 0
T 6658 58 66 0
T 7458 58 74 0
T 2659 59 26 0
T 3259 59 32 0
T 3459 59 34 5
T 3659 59 36 5
T 3859 59 38 0
T 4159 59 41 0
T 4359 59 43 0
T 4759 59 47 6
T 5359 59 53 6
T 5559 59 55 5
T 5659 59 56 0
T 5859 59 58 0
T 6559 59 65 0
T 6659 59 66 0
T 7459 59 74 0
T 2660 60 26 0
T 2760 60 27 0
T 2860 60 28 0
T 2960 60 29 0
T 3060 60 30 0
T 3160 60 31 0
T 3260 60 32 0
T 3360 60 33 0
T 3460 60 34 0
T 3560 60 35 0
T 3660 60 36 0
T 3760 60 37 0
T 3860 60 38 0
T 3960 60 39 0
T 4060 60 40 0
T 4160 60 41 0
T 4360 60 43 0
T 4460 60 44 0
T 5560 60 55 0
T 5660 60 56 0
T 5860 60 58 0
T 5960 60 59 1
T 6560 60 65 0
T 6660 60 66 0
T 6760 60 67 0
T 6860 60 68 0
T 6960 60 69 2
T 7060 60 70 2
T 7160 60 71 2
T 7260 60 72 0
T 7360 60 73 0
T 7460 60 74 0
T 4461 61 44 0
T 4961 61 49 6
T 5161 61 51 6
T 5361 61 53 5
T 5561 61 55 0
T 5861 61 58 0
T 5961 61 59 0
T 6061 61 60 0
T 6161 61 61 0
T 6261 61 62 0
T 6561 61 65 0
T 6861 61 68 0
T 7261 61 72 0
T 4462 62 44 0
T 4562 62 45 0
T 5462 62 54 0
T 5562 62 55 0
T 5862 62 58 0
T 6562 62 65 0
T 6862 62 68 0
T 7262 62 72 0
T 4563 63 45 0
T 4663 63 46 0
T 4763 63 47 0
T 5063 63 50 5
T 5363 63 53 0
T 5463 63 54 0
T 5863 63 58 0
T 6563 63 65 0
T 6863 63 68 0
T 7263 63 72 0
T 4764 64 47 0
T 4864 64 48 0
T 4964 64 49 0
T 5064 64 50 0
T 5164 64 51 0
T 5264 64 52 0
T 5364 64 53 0
T 5864 64 58 0
T 6164 64 61 0
T 6264 64 62 0
T 6364 64 63 0
T 6464 64 64 0
T 6564 64 65 0
T 6864 64 68 0
T 7264 64 72 0
T 4865 65 48 0
T 4965 65 49 1
T 5165 65 51 0
T 5865 65 58 0
T 6165 65 61 0
T 6565 65 65 0
T 6665 65 66 0
T 6765 65 67 0
T 6865 65 68 0
T 7265 65 72 0
T 7365 65 73 0
T 7465 65 74 0
T 4866 66 48 0
T 5166 66 51 0
T 5866 66 58 0
T 6166 66 61 0
T 6566 66 65 0
T 7466 66 74 0
T 4867 67 48 0
T 5167 67 51 0
T 5867 67 58 0
T 6167 67 61 0
T 6567 67 65 0
T 6867 67 68 6
T 7067 67 70 6
T 7267 67 72 6
T 7467 67 74 0
T 7567 67 75 0
T 7667 67 76 0
T 7767 67 77 0
T 7867 67 78 0
T 368 68 3 0
T 468 68 4 0
T 568 68 5 0
T 668 68 6 0
T 768 68 7 0
T 868 68 8 0
T 968 68 9 0
T 1068 68 10 0
T 1168 68 11 0
T 1268 68 12 0
T 1368 68 13 0
T 1468 68 14 0
T 1568 68 15 0
T 1668 68 16 0
T 4868 68 48 0
T 5168 68 51 0
T 5268 68 52 0
T 5368 68 53 0
T 5468 68 54 0
T 5568 68 55 0
T 5668 68 56 0
T 5768 68 57 0
T 5868 68 58 0
T 5968 68 59 2
T 6068 68 60 2
T 6168 68 61 0
T 6268 68 62 0
T 6368 68 63 0
T 6468 68 64 0
T 6568 68 65 0
T 7468 68 74 0
T 7868 68 78 0
T 369 69 3 0
T 1669 69 16 0
T 4869 69 48 0
T 5169 69 51 0
T 6869 69 68 6
T 7069 69 70 6
T 7269 69 72 6
T 7469 69 74 2
T 7669 69 76 1
T 7869 69 78 0
T 370 70 3 0
T 670 70 6 5
T 1670 70 16 0
T 4870 70 48 0
T 5170 70 51 0
T 7470 70 74 2
T 7870 70 78 0
T 371 71 3 0
T 671 71 6 5
T 1671 71 16 0
T 4871 71 48 0
T 5171 71 51 0
T 5471 71 54 0
T 5571 71 55 0
T 5671 71 56 0
T 5771 71 57 0
T 5871 71 58 0
T 6171 71 61 0
T 6271 71 62 0
T 6371 71 63 0
T 6471 71 64 0
T 6571 71 65 0
T 6871 71 68 6
T 7071 71 70 6
T 7271 71 72 6
T 7471 71 74 0
T 7871 71 78 0
T 372 72 3 0
T 672 72 6 5
T 772 72 7 5
T 872 72 8 5
T 972 72 9 5
T 1072 72 10 5
T 1172 72 11 5
T 1672 72 16 0
T 4872 72 48 0
T 5172 72 51 0
T 5472 72 54 0
T 5572 72 55 0
T 5872 72 58 0
T 6172 72 61 0
T 6572 72 65 0
T 7472 72 74 0
T 7572 72 75 0
T 7672 72 76 0
T 7772 72 77 0
T 7872 72 78 0
T 373 73 3 0
T 673 73 6 5
T 1673 73 16 0
T 4873 73 48 0
T 5173 73 51 0
T 5473 73 54 0
T 5573 73 55 0
T 5873 73 58 0
T 6173 73 61 0
T 6573 73 65 0
T 6673 73 66 0
T 6773 73 67 0
T 6873 73 68 0
T 6973 73 69 2
T 7073 73 70 2
T 7173 73 71 0
T 7273 73 72 0
T 7373 73 73 0
T 7473 73 74 0
T 7873 73 78 0
T 374 74 3 0
T 674 74 6 5
T 1674 74 16 0
T 4874 74 48 0
T 5174 74 51 0
T 5474 74 54 0
T 5574 74 55 0
T 5874 74 58 0
T 6174 74 61 0
T 6874 74 68 0
T 7174 74 71 0
T 375 75 3 0
T 1675 75 16 0
T 4875 75 48 0
T 5175 75 51 0
T 5475 75 54 0
T 5575 75 55 0
T 5875 75 58 0
T 6175 75 61 0
T 6875 75 68 0
T 7175 75 71 0
T 376 76 3 0
T 676 76 6 5
T 776 76 7 5
T 876 76 8 5
T 976 76 9 5
T 1076 76 10 5
T 1176 76 11 5
T 1676 76 16 0
T 4876 76 48 0
T 5176 76 51 0
T 5476 76 54 0
T 5576 76 55 0
T 5876 76 58 0
T 6176 76 61 0
T 6376 76 63 0
T 6476 76 64 0
T 6576 76 65 0
T 6676 76 66 0
T 6776 76 67 0
T 6876 76 68 0
T 7176 76 71 0
T 7276 76 72 0
T 7376 76 73 0
T 7476 76 74 0
T 7576 76 75 0
T 7676 76 76 0
T 7776 76 77 0
T 7876 76 78 0
T 7976 76 79 0
T 377 77 3 0
T 977 77 9 5
T 1677 77 16 0
T 4877 77 48 0
T 5177 77 51 0
T 5477 77 54 0
T 5577 77 55 0
T 5877 77 58 0
T 6177 77 61 0
T 6377 77 63 0
T 7777 77 77 5
T 7877 77 78 5
T 7977 77 79 0
T 378 78 3 0
T 978 78 9 5
T 1678 78 16 0
T 4878 78 48 0
T 5178 78 51 0
T 5878 78 58 0
T 6178 78 61 0
T 6378 78 63 0
T 7778 78 77 5
T 7878 78 78 5
T 7978 78 79 0
T 379 79 3 0
T 679 79 6 5
T 779 79 7 5
T 879 79 8 5
T 979 79 9 5
T 1079 79 10 5
T 1179 79 11 5
T 1679 79 16 0
T 4879 79 48 0
T 5179 79 51 0
T 5879 79 58 0
T 6179 79 61 0
T 6379 79 63 0
T 6779 79 67 6
T 7079 79 70 6
T 7379 79 73 6
T 7679 79 76 6
T 7979 79 79 0
T 380 80 3 0
T 1680 80 16 0
T 4880 80 48 0
T 5180 80 51 0
T 5280 80 52 0
T 5380 80 53 0
T 5480 80 54 0
T 5580 80 55 0
T 5680 80 56 0
T 5780 80 57 0
T 5880 80 58 0
T 6180 80 61 0
T 6380 80 63 0
T 7980 80 79 0
T 381 81 3 0
T 881 81 8 5
T 981 81 9 5
T 1081 81 10 5
T 1181 81 11 5
T 1681 81 16 0
T 4881 81 48 0
T 6181 81 61 0
T 6381 81 63 0
T 6781 81 67 6
T 7081 81 70 6
T 7381 81 73 6
T 7681 81 76 6
T 7981 81 79 0
T 382 82 3 0
T 682 82 6 5
T 782 82 7 5
T 982 82 9 5
T 1682 82 16 0
T 4882 82 48 0
T 6182 82 61 0
T 6382 82 63 0
T 7982 82 79 0
T 383 83 3 0
T 683 83 6 5
T 783 83 7 5
T 983 83 9 5
T 1683 83 16 0
T 4883 83 48 0
T 4983 83 49 0
T 5083 83 50 0
T 5183 83 51 0
T 5283 83 52 0
T 5383 83 53 0
T 5483 83 54 0
T 5583 83 55 0
T 5683 83 56 0
T 5783 83 57 0
T 5883 83 58 0
T 5983 83 59 0
T 6083 83 60 0
T 6183 83 61 0
T 6383 83 63 0
T 6783 83 67 6
T 7083 83 70 6
T 7383 83 73 6
T 7683 83 76 6
T 7983 83 79 0
T 384 84 3 0
T 884 84 8 5
T 984 84 9 5
T 1084 84 10 5
T 1184 84 11 5
T 1684 84 16 0
T 6384 84 63 0
T 7984 84 79 0
T 385 85 3 0
T 1685 85 16 0
T 6385 85 63 0
T 7985 85 79 0
T 386 86 3 0
T 686 86 6 5
T 786 86 7 5
T 886 86 8 5
T 986 86 9 5
T 1086 86 10 5
T 1186 86 11 5
T 1686 86 16 0
T 1786 86 17 0
T 1886 86 18 0
T 1986 86 19 0
T 2086 86 20 0
T 2186 86 21 0
T 2286 86 22 0
T 2386 86 23 0
T 2486 86 24 0
T 2586 86 25 0
T 2686 86 26 0
T 2786 86 27 0
T 2886 86 28 0
T 2986 86 29 0
T 3086 86 30 0
T 3186 86 31 0
T 3286 86 32 0
T 3386 86 33 0
T 3486 86 34 0
T 3586 86 35 0
T 3686 86 36 0
T 3786 86 37 0
T 3886 86 38 0
T 3986 86 39 0
T 4086 86 40 0
T 4186 86 41 0
T 4286 86 42 0
T 4386 86 43 0
T 4486 86 44 0
T 4586 86 45 0
T 4686 86 46 0
T 4786 86 47 0
T 4886 86 48 0
T 4986 86 49 0
T 5086 86 50 0
T 5186 86 51 0
T 5286 86 52 0
T 5386 86 53 0
T 5486 86 54 0
T 5586 86 55 0
T 5686 86 56 0
T 5786 86 57 0
T 5886 86 58 0
T 5986 86 59 0
T 6086 86 60 0
T 6186 86 61 0
T 6286 86 62 0
T 6386 86 63 0
T 6786 86 67 6
T 7086 86 70 6
T 7386 86 73 6
T 7686 86 76 6
T 7986 86 79 0
T 387 87 3 0
T 687 87 6 5
T 6387 87 63 2
T 6687 87 66 1
T 7987 87 79 0
T 388 88 3 0
T 788 88 7 5
T 888 88 8 5
T 988 88 9 5
T 6388 88 63 2
T 7788 88 77 5
T 7888 88 78 5
T 7988 88 79 0
T 389 89 3 0
T 689 89 6 5
T 789 89 7 5
T 889 89 8 5
T 989 89 9 5
T 1089 89 10 5
T 1189 89 11 5
T 6389 89 63 2
T 7789 89 77 5
T 7889 89 78 5
T 7989 89 79 0
T 390 90 3 0
T 1690 90 16 0
T 1790 90 17 0
T 1890 90 18 0
T 1990 90 19 0
T 2090 90 20 0
T 2190 90 21 0
T 2290 90 22 0
T 2390 90 23 0
T 2490 90 24 0
T 2590 90 25 0
T 2690 90 26 0
T 2790 90 27 0
T 2890 90 28 0
T 2990 90 29 0
T 3090 90 30 0
T 3190 90 31 0
T 3290 90 32 0
T 3390 90 33 0
T 3490 90 34 0
T 3590 90 35 0
T 3690 90 36 0
T 3790 90 37 0
T 3890 90 38 0
T 3990 90 39 0
T 4090 90 40 0
T 4190 90 41 0
T 4290 90 42 0
T 4390 90 43 0
T 4490 90 44 0
T 4590 90 45 0
T 4690 90 46 0
T 4790 90 47 0
T 4890 90 48 0
T 4990 90 49 0
T 5090 90 50 0
T 5190 90 51 0
T 5290 90 52 0
T 5390 90 53 0
T 5490 90 54 0
T 5590 90 55 0
T 5690 90 56 0
T 5790 90 57 0
T 5890 90 58 0
T 5990 90 59 0
T 6090 90 60 0
T 6190 90 61 0
T 6290 90 62 0
T 6390 90 63 0
T 6490 90 64 0
T 6590 90 65 0
T 6690 90 66 0
T 6790 90 67 0
T 6890 90 68 0
T 6990 90 69 0
T 7090 90 70 0
T 7190 90 71 0
T 7290 90 72 0
T 7390 90 73 0
T 7490 90 74 0
T 7590 90 75 0
T 7690 90 76 0
T 7790 90 77 0
T 7890 90 78 0
T 7990 90 79 0
T 391 91 3 0
T 691 91 6 5
T 791 91 7 5
T 891 91 8 5
T 991 91 9 5
T 1091 91 10 5
T 1191 91 11 5
T 1691 91 16 0
T 392 92 3 0
T 992 92 9 5
T 1692 92 16 0
T 393 93 3 0
T 693 93 6 5
T 793 93 7 5
T 893 93 8 5
T 1093 93 10 5
T 1193 93 11 5
T 1693 93 16 0
T 394 94 3 0
T 1694 94 16 0
T 395 95 3 0
T 795 95 7 5
T 895 95 8 5
T 1195 95 11 5
T 1695 95 16 0
T 396 96 3 0
T 696 96 6 5
T 996 96 9 5
T 1196 96 11 5
T 1696 96 16 0
T 397 97 3 0
T 697 97 6 5
T 997 97 9 5
T 1097 97 10 5
T 1197 97 11 5
T 1697 97 16 0
T 398 98 3 0
T 1698 98 16 0
T 399 99 3 0
T 499 99 4 0
T 599 99 5 0
T 699 99 6 0
T 799 99 7 0
T 899 99 8 0
T 999 99 9 0
T 1099 99 10 0
T 1199 99 11 0
T 1299 99 12 0
T 1399 99 13 0
T 1499 99 14 0
T 1599 99 15 0
T 1699 99 16 0
C 4239 6940
C 4239 7040
C 4239 7140
C 5932 6341
C 3557 6928
C 3557 7028
C 3557 7128
C 7023 6960
C 7023 7060
C 7023 7160
C 4965 5968
C 4965 6068
C 6687 6387
C 6687 6388
C 6687 6389
C 6687 7469
C 6687 7470
C 5960 6973
C 5960 7073
C 7669 6949
C 7669 6950
C 7669 6951
