T 2190 15 29 0
T 2265 15 30 0
T 2340 15 31 0
T 2415 15 32 0
T 2490 15 33 0
T 2565 15 34 0
T 2640 15 35 0
T 2715 15 36 0
T 2790 15 37 0
T 2865 15 38 0
T 2940 15 39 0
T 2191 16 29 0
T 2791 16 37 6
T 2941 16 39 0
T 2192 17 29 0
T 2942 17 39 0
T 2193 18 29 0
T 2793 18 37 1
T 2943 18 39 0
T 2194 19 29 0
T 2944 19 39 0
T 2195 20 29 0
T 2795 20 37 6
T 2945 20 39 0
T 2196 21 29 0
T 2496 21 33 0
T 2571 21 34 0
T 2646 21 35 0
T 2721 21 36 0
T 2796 21 37 0
T 2871 21 38 0
T 2946 21 39 0
T 2197 22 29 0
T 2497 22 33 0
T 2198 23 29 0
T 2348 23 31 3
T 2498 23 33 0
T 2199 24 29 0
T 2499 24 33 0
T 2200 25 29 0
T 2275 25 30 0
T 2350 25 31 2
T 2425 25 32 0
T 2500 25 33 0
T 2201 26 29 0
T 2501 26 33 0
T 2202 27 29 0
T 2502 27 33 0
T 2203 28 29 0
T 2353 28 31 4
T 2503 28 33 0
T 2204 29 29 0
T 2504 29 33 0
T 2205 30 29 0
T 2505 30 33 0
T 2206 31 29 0
T 2281 31 30 0
T 2356 31 31 0
T 2431 31 32 0
T 2506 31 33 0
C 2793 2350
