1,1,1,1,0,wall
2,1,1,1,0,wall
3,1,1,1,0,wall
4,1,1,1,0,wall
5,1,1,1,0,wall
6,1,1,1,0,wall
7,1,1,1,0,wall
8,1,1,1,0,wall
9,1,1,1,0,wall
10,1,1,1,0,wall
11,1,1,1,0,wall
12,1,1,1,0,wall
13,1,1,1,0,wall
14,1,1,1,0,wall
15,1,1,1,0,wall
16,1,1,1,0,wall
17,1,1,1,0,wall
18,1,1,1,0,wall
19,1,1,1,0,wall
20,1,1,1,2,grass
20,1,1,1,3,tree
21,1,1,1,2,grass
21,1,1,1,3,tree
22,1,1,1,2,grass
22,1,1,1,3,tree
23,1,1,1,2,grass
23,1,1,1,3,tree
24,1,1,1,2,grass
24,1,1,1,3,tree
25,1,1,1,2,grass
25,1,1,1,3,tree
26,1,1,1,2,grass
26,1,1,1,3,tree
27,1,1,1,2,grass
27,1,1,1,3,tree
28,1,1,1,2,grass
28,1,1,1,3,tree
29,1,1,1,2,grass
29,1,1,1,3,tree
1,2,1,1,0,wall
2,2,1,1,2,sand
3,2,1,1,2,sand
4,2,1,1,2,sand
5,2,1,1,2,sand
6,2,1,1,2,sand
7,2,1,1,2,sand
8,2,1,1,2,sand
9,2,1,1,2,sand
10,2,1,1,2,sand
11,2,1,1,2,sand
12,2,1,1,2,sand
13,2,1,1,2,sand
14,2,1,1,2,sand
15,2,1,1,2,sand
16,2,1,1,2,sand
17,2,1,1,2,sand
18,2,1,1,2,sand
19,2,1,1,0,wall
20,2,1,1,2,grass
20,2,1,1,3,tree
21,2,1,1,2,grass
21,2,1,1,3,tree
22,2,1,1,2,grass
22,2,1,1,3,tree
23,2,1,1,2,grass
23,2,1,1,3,tree
24,2,1,1,2,grass
24,2,1,1,3,tree
25,2,1,1,2,grass
25,2,1,1,3,tree
26,2,1,1,2,grass
26,2,1,1,3,tree
27,2,1,1,2,grass
27,2,1,1,3,tree
28,2,1,1,2,grass
28,2,1,1,3,tree
29,2,1,1,2,grass
29,2,1,1,3,tree
1,3,1,1,0,wall
2,3,1,1,2,sand
3,3,1,1,2,sand
4,3,1,1,2,sand
5,3,1,1,2,sand
6,3,1,1,2,sand
7,3,1,1,2,sand
8,3,1,1,2,sand
9,3,1,1,2,sand
10,3,1,1,2,sand
11,3,1,1,2,sand
12,3,1,1,2,sand
13,3,1,1,2,sand
14,3,1,1,2,sand
15,3,1,1,2,sand
16,3,1,1,2,sand
17,3,1,1,2,sand
18,3,1,1,2,sand
19,3,1,1,0,wall
20,3,1,1,2,grass
20,3,1,1,3,tree
21,3,1,1,2,grass
21,3,1,1,3,tree
22,3,1,1,2,grass
22,3,1,1,3,tree
23,3,1,1,2,grass
23,3,1,1,3,tree
24,3,1,1,2,grass
24,3,1,1,3,tree
25,3,1,1,2,grass
25,3,1,1,3,tree
26,3,1,1,2,grass
26,3,1,1,3,tree
27,3,1,1,2,grass
27,3,1,1,3,tree
28,3,1,1,2,grass
28,3,1,1,3,tree
29,3,1,1,2,grass
29,3,1,1,3,tree
1,4,1,1,0,wall
2,4,1,1,2,sand
3,4,1,1,2,sand
4,4,1,1,2,sand
5,4,1,1,2,sand
6,4,1,1,2,sand
7,4,1,1,2,sand
8,4,1,1,2,sand
9,4,1,1,2,sand
10,4,1,1,2,sand
11,4,1,1,2,sand
12,4,1,1,2,sand
13,4,1,1,2,sand
14,4,1,1,2,sand
15,4,1,1,2,sand
16,4,1,1,2,sand
17,4,1,1,2,sand
18,4,1,1,2,sand
19,4,1,1,0,wall
20,4,1,1,2,grass
20,4,1,1,3,tree
21,4,1,1,2,grass
21,4,1,1,3,tree
22,4,1,1,2,grass
22,4,1,1,3,tree
23,4,1,1,2,grass
23,4,1,1,3,tree
24,4,1,1,2,grass
24,4,1,1,3,tree
25,4,1,1,2,grass
25,4,1,1,3,tree
26,4,1,1,2,grass
26,4,1,1,3,tree
27,4,1,1,2,grass
27,4,1,1,3,tree
28,4,1,1,2,grass
28,4,1,1,3,tree
29,4,1,1,2,grass
29,4,1,1,3,tree
1,5,1,1,0,wall
2,5,1,1,2,sand
3,5,1,1,2,sand
4,5,1,1,2,sand
5,5,1,1,2,sand
6,5,1,1,2,sand
7,5,1,1,2,sand
8,5,1,1,2,sand
9,5,1,1,2,sand
10,5,1,1,2,sand
11,5,1,1,2,sand
12,5,1,1,2,sand
13,5,1,1,2,sand
14,5,1,1,2,sand
15,5,1,1,2,sand
16,5,1,1,2,sand
17,5,1,1,2,sand
18,5,1,1,2,sand
19,5,1,1,0,wall
20,5,1,1,2,grass
20,5,1,1,3,tree
21,5,1,1,2,grass
21,5,1,1,3,tree
22,5,1,1,2,grass
22,5,1,1,3,tree
23,5,1,1,2,grass
23,5,1,1,3,tree
24,5,1,1,2,grass
24,5,1,1,3,tree
25,5,1,1,2,grass
25,5,1,1,3,tree
26,5,1,1,2,grass
26,5,1,1,3,tree
27,5,1,1,2,grass
27,5,1,1,3,tree
28,5,1,1,2,grass
28,5,1,1,3,tree
29,5,1,1,2,grass
29,5,1,1,3,tree
1,6,1,1,0,wall
2,6,1,1,2,sand
3,6,1,1,2,sand
4,6,1,1,2,sand
5,6,1,1,2,sand
6,6,1,1,2,sand
7,6,1,1,2,sand
8,6,1,1,2,sand
9,6,1,1,2,sand
10,6,1,1,2,sand
11,6,1,1,2,sand
12,6,1,1,2,sand
13,6,1,1,2,sand
14,6,1,1,2,sand
15,6,1,1,2,sand
16,6,1,1,2,sand
17,6,1,1,2,sand
18,6,1,1,2,sand
19,6,1,1,0,wall
20,6,1,1,2,grass
20,6,1,1,3,tree
21,6,1,1,2,grass
21,6,1,1,3,tree
22,6,1,1,2,grass
22,6,1,1,3,tree
23,6,1,1,2,grass
23,6,1,1,3,tree
24,6,1,1,2,grass
24,6,1,1,3,tree
25,6,1,1,2,grass
25,6,1,1,3,tree
26,6,1,1,2,grass
26,6,1,1,3,tree
27,6,1,1,2,grass
27,6,1,1,3,tree
28,6,1,1,2,grass
28,6,1,1,3,tree
29,6,1,1,2,grass
29,6,1,1,3,tree
1,7,1,1,0,wall
2,7,1,1,2,sand
3,7,1,1,2,sand
4,7,1,1,2,sand
5,7,1,1,2,sand
6,7,1,1,2,sand
7,7,1,1,2,sand
8,7,1,1,2,sand
9,7,1,1,2,sand
10,7,1,1,2,sand
11,7,1,1,2,sand
12,7,1,1,2,sand
13,7,1,1,2,sand
14,7,1,1,2,sand
15,7,1,1,2,sand
16,7,1,1,2,sand
17,7,1,1,2,sand
18,7,1,1,2,sand
19,7,1,1,0,wall
20,7,1,1,2,grass
20,7,1,1,3,tree
21,7,1,1,2,grass
21,7,1,1,3,tree
22,7,1,1,2,grass
22,7,1,1,3,tree
23,7,1,1,2,grass
23,7,1,1,3,tree
24,7,1,1,2,grass
24,7,1,1,3,tree
25,7,1,1,2,grass
25,7,1,1,3,tree
26,7,1,1,2,grass
26,7,1,1,3,tree
27,7,1,1,2,grass
27,7,1,1,3,tree
28,7,1,1,2,grass
28,7,1,1,3,tree
29,7,1,1,2,grass
29,7,1,1,3,tree
1,8,1,1,0,wall
2,8,1,1,2,sand
3,8,1,1,2,sand
4,8,1,1,2,sand
5,8,1,1,2,sand
6,8,1,1,2,sand
7,8,1,1,2,sand
8,8,1,1,2,sand
9,8,1,1,2,sand
10,8,1,1,2,sand
11,8,1,1,2,sand
12,8,1,1,2,sand
13,8,1,1,2,sand
14,8,1,1,2,sand
15,8,1,1,2,sand
16,8,1,1,2,sand
17,8,1,1,2,sand
18,8,1,1,2,sand
19,8,1,1,0,wall
20,8,1,1,2,grass
20,8,1,1,3,tree
21,8,1,1,2,grass
21,8,1,1,3,tree
22,8,1,1,2,grass
22,8,1,1,3,tree
23,8,1,1,2,grass
23,8,1,1,3,tree
24,8,1,1,2,grass
24,8,1,1,3,tree
25,8,1,1,2,grass
25,8,1,1,3,tree
26,8,1,1,2,grass
26,8,1,1,3,tree
27,8,1,1,2,grass
27,8,1,1,3,tree
28,8,1,1,2,grass
28,8,1,1,3,tree
29,8,1,1,2,grass
29,8,1,1,3,tree
1,9,1,1,0,wall
2,9,1,1,2,sand
3,9,1,1,2,sand
4,9,1,1,0,wall
5,9,1,1,0,wall
6,9,1,1,0,wall
7,9,1,1,0,wall
8,9,1,1,0,wall
9,9,1,1,0,wall
10,9,1,1,0,wall
11,9,1,1,0,wall
12,9,1,1,0,wall
13,9,1,1,0,wall
14,9,1,1,2,sand
15,9,1,1,2,sand
16,9,1,1,2,sand
17,9,1,1,2,sand
18,9,1,1,2,sand
19,9,1,1,0,wall
20,9,1,1,2,grass
20,9,1,1,3,tree
21,9,1,1,2,grass
21,9,1,1,3,tree
22,9,1,1,2,grass
22,9,1,1,3,tree
23,9,1,1,2,grass
23,9,1,1,3,tree
24,9,1,1,2,grass
24,9,1,1,3,tree
25,9,1,1,2,grass
25,9,1,1,3,tree
26,9,1,1,2,grass
26,9,1,1,3,tree
27,9,1,1,2,grass
27,9,1,1,3,tree
28,9,1,1,2,grass
28,9,1,1,3,tree
29,9,1,1,2,grass
29,9,1,1,3,tree
1,10,1,1,0,wall
2,10,1,1,2,sand
3,10,1,1,2,sand
4,10,1,1,0,wall
5,10,1,1,0,wall
6,10,1,1,2,sand
7,10,1,1,2,sand
8,10,1,1,2,sand
9,10,1,1,0,wall
10,10,1,1,0,wall
11,10,1,1,0,wall
12,10,1,1,0,wall
13,10,1,1,0,wall
14,10,1,1,2,sand
15,10,1,1,2,sand
16,10,1,1,2,sand
17,10,1,1,2,sand
18,10,1,1,2,sand
19,10,1,1,0,wall
20,10,1,1,2,grass
20,10,1,1,3,tree
21,10,1,1,2,grass
21,10,1,1,3,tree
22,10,1,1,2,grass
22,10,1,1,3,tree
23,10,1,1,2,grass
23,10,1,1,3,tree
24,10,1,1,2,grass
24,10,1,1,3,tree
25,10,1,1,2,grass
25,10,1,1,3,tree
26,10,1,1,2,grass
26,10,1,1,3,tree
27,10,1,1,2,grass
27,10,1,1,3,tree
28,10,1,1,2,grass
28,10,1,1,3,tree
29,10,1,1,2,grass
29,10,1,1,3,tree
0,11,1,1,0,wall
1,11,1,1,0,wall
2,11,1,1,2,sand
3,11,1,1,2,sand
4,11,1,1,0,wall
5,11,1,1,0,wall
6,11,1,1,2,sand
7,11,1,1,2,sand
8,11,1,1,2,sand
9,11,1,1,2,sand
10,11,1,1,2,sand
11,11,1,1,2,sand
12,11,1,1,0,wall
13,11,1,1,0,wall
14,11,1,1,2,sand
15,11,1,1,2,sand
16,11,1,1,2,sand
17,11,1,1,2,sand
18,11,1,1,2,sand
19,11,1,1,0,wall
20,11,1,1,2,grass
20,11,1,1,3,tree
21,11,1,1,2,grass
21,11,1,1,3,tree
22,11,1,1,2,grass
22,11,1,1,3,tree
23,11,1,1,2,grass
23,11,1,1,3,tree
24,11,1,1,2,grass
24,11,1,1,3,tree
25,11,1,1,2,grass
25,11,1,1,3,tree
26,11,1,1,2,grass
26,11,1,1,3,tree
27,11,1,1,2,grass
27,11,1,1,3,tree
28,11,1,1,2,grass
28,11,1,1,3,tree
29,11,1,1,2,grass
29,11,1,1,3,tree
0,12,1,1,0,wall
1,12,1,1,2,sand
2,12,1,1,2,sand
3,12,1,1,2,sand
4,12,1,1,0,wall
5,12,1,1,0,wall
6,12,1,1,2,sand
7,12,1,1,2,sand
8,12,1,1,2,sand
9,12,1,1,2,sand
10,12,1,1,2,sand
11,12,1,1,2,sand
12,12,1,1,2,sand
13,12,1,1,0,wall
14,12,1,1,2,sand
15,12,1,1,2,sand
16,12,1,1,2,sand
17,12,1,1,2,sand
18,12,1,1,2,sand
19,12,1,1,0,wall
20,12,1,1,2,grass
20,12,1,1,3,tree
21,12,1,1,2,grass
21,12,1,1,3,tree
22,12,1,1,2,grass
22,12,1,1,3,tree
23,12,1,1,2,grass
23,12,1,1,3,tree
24,12,1,1,2,grass
24,12,1,1,3,tree
25,12,1,1,2,grass
25,12,1,1,3,tree
26,12,1,1,2,grass
26,12,1,1,3,tree
27,12,1,1,2,grass
27,12,1,1,3,tree
28,12,1,1,2,grass
28,12,1,1,3,tree
29,12,1,1,2,grass
29,12,1,1,3,tree
0,13,1,1,0,wall
1,13,1,1,2,sand
2,13,1,1,2,sand
3,13,1,1,2,sand
4,13,1,1,2,sand
5,13,1,1,0,wall
6,13,1,1,0,wall
7,13,1,1,0,wall
8,13,1,1,0,wall
9,13,1,1,2,sand
10,13,1,1,2,sand
11,13,1,1,2,sand
12,13,1,1,2,sand
13,13,1,1,0,wall
14,13,1,1,2,sand
15,13,1,1,2,sand
16,13,1,1,2,sand
17,13,1,1,2,sand
18,13,1,1,2,sand
19,13,1,1,2,sand
20,13,1,1,2,sand
21,13,1,1,2,sand
22,13,1,1,2,sand
23,13,1,1,2,sand
24,13,1,1,2,sand
25,13,1,1,2,sand
26,13,1,1,2,sand
27,13,1,1,2,sand
28,13,1,1,2,sand
29,13,1,1,2,sand
0,14,1,1,0,wall
1,14,1,1,2,sand
2,14,1,1,2,sand
3,14,1,1,2,sand
4,14,1,1,2,sand
5,14,1,1,2,sand
6,14,1,1,0,wall
7,14,1,1,0,wall
8,14,1,1,0,wall
9,14,1,1,2,sand
10,14,1,1,2,sand
11,14,1,1,2,sand
12,14,1,1,2,sand
13,14,1,1,0,wall
14,14,1,1,2,sand
15,14,1,1,2,sand
16,14,1,1,2,sand
17,14,1,1,2,sand
18,14,1,1,2,sand
19,14,1,1,2,sand
20,14,1,1,2,sand
21,14,1,1,2,sand
22,14,1,1,2,sand
23,14,1,1,2,sand
24,14,1,1,2,sand
25,14,1,1,2,sand
26,14,1,1,2,sand
27,14,1,1,2,sand
28,14,1,1,2,sand
29,14,1,1,2,sand
0,15,1,1,0,wall
1,15,1,1,2,sand
2,15,1,1,2,sand
3,15,1,1,2,sand
4,15,1,1,2,sand
5,15,1,1,2,sand
6,15,1,1,2,sand
7,15,1,1,0,wall
8,15,1,1,0,wall
9,15,1,1,0,wall
10,15,1,1,2,sand
11,15,1,1,2,sand
12,15,1,1,2,sand
13,15,1,1,0,wall
14,15,1,1,2,sand
15,15,1,1,2,sand
16,15,1,1,2,sand
17,15,1,1,2,sand
18,15,1,1,2,sand
19,15,1,1,2,sand
20,15,1,1,2,sand
21,15,1,1,2,sand
22,15,1,1,2,sand
23,15,1,1,2,sand
24,15,1,1,2,sand
25,15,1,1,2,sand
26,15,1,1,2,sand
27,15,1,1,2,sand
28,15,1,1,2,sand
29,15,1,1,2,sand
0,16,1,1,0,wall
1,16,1,1,2,sand
2,16,1,1,2,sand
3,16,1,1,2,sand
4,16,1,1,2,sand
5,16,1,1,2,sand
6,16,1,1,2,sand
7,16,1,1,0,wall
8,16,1,1,0,wall
9,16,1,1,0,wall
10,16,1,1,0,wall
11,16,1,1,2,sand
12,16,1,1,2,sand
13,16,1,1,0,wall
14,16,1,1,2,sand
15,16,1,1,2,sand
16,16,1,1,2,sand
17,16,1,1,2,sand
18,16,1,1,2,sand
19,16,1,1,0,wall
20,16,1,1,2,grass
20,16,1,1,3,tree
21,16,1,1,2,grass
21,16,1,1,3,tree
22,16,1,1,2,grass
22,16,1,1,3,tree
23,16,1,1,2,grass
23,16,1,1,3,tree
24,16,1,1,2,grass
24,16,1,1,3,tree
25,16,1,1,2,grass
25,16,1,1,3,tree
26,16,1,1,2,grass
26,16,1,1,3,tree
27,16,1,1,2,grass
27,16,1,1,3,tree
28,16,1,1,2,grass
28,16,1,1,3,tree
29,16,1,1,2,grass
29,16,1,1,3,tree
0,17,1,1,0,wall
1,17,1,1,2,sand
2,17,1,1,2,sand
3,17,1,1,2,sand
4,17,1,1,2,sand
5,17,1,1,2,sand
6,17,1,1,2,sand
7,17,1,1,0,wall
8,17,1,1,0,wall
9,17,1,1,0,wall
10,17,1,1,0,wall
11,17,1,1,2,sand
12,17,1,1,2,sand
13,17,1,1,0,wall
14,17,1,1,2,sand
15,17,1,1,2,sand
16,17,1,1,2,sand
17,17,1,1,2,sand
18,17,1,1,2,sand
19,17,1,1,0,wall
20,17,1,1,2,grass
20,17,1,1,3,tree
21,17,1,1,2,grass
21,17,1,1,3,tree
22,17,1,1,2,grass
22,17,1,1,3,tree
23,17,1,1,2,grass
23,17,1,1,3,tree
24,17,1,1,2,grass
24,17,1,1,3,tree
25,17,1,1,2,grass
25,17,1,1,3,tree
26,17,1,1,2,grass
26,17,1,1,3,tree
27,17,1,1,2,grass
27,17,1,1,3,tree
28,17,1,1,2,grass
28,17,1,1,3,tree
29,17,1,1,2,grass
29,17,1,1,3,tree
0,18,1,1,0,wall
1,18,1,1,0,wall
2,18,1,1,0,wall
3,18,1,1,0,wall
4,18,1,1,0,wall
5,18,1,1,2,sand
6,18,1,1,2,sand
7,18,1,1,0,wall
8,18,1,1,0,wall
9,18,1,1,0,wall
10,18,1,1,0,wall
11,18,1,1,2,sand
12,18,1,1,2,sand
13,18,1,1,0,wall
14,18,1,1,2,sand
15,18,1,1,2,sand
16,18,1,1,2,sand
17,18,1,1,2,sand
18,18,1,1,2,sand
19,18,1,1,0,wall
20,18,1,1,2,grass
20,18,1,1,3,tree
21,18,1,1,2,grass
21,18,1,1,3,tree
22,18,1,1,2,grass
22,18,1,1,3,tree
23,18,1,1,2,grass
23,18,1,1,3,tree
24,18,1,1,2,grass
24,18,1,1,3,tree
25,18,1,1,2,grass
25,18,1,1,3,tree
26,18,1,1,2,grass
26,18,1,1,3,tree
27,18,1,1,2,grass
27,18,1,1,3,tree
28,18,1,1,2,grass
28,18,1,1,3,tree
29,18,1,1,2,grass
29,18,1,1,3,tree
4,19,1,1,0,wall
5,19,1,1,2,sand
6,19,1,1,2,sand
7,19,1,1,0,wall
8,19,1,1,0,wall
9,19,1,1,0,wall
10,19,1,1,0,wall
11,19,1,1,2,sand
12,19,1,1,2,sand
13,19,1,1,0,wall
14,19,1,1,2,sand
15,19,1,1,2,sand
16,19,1,1,2,sand
17,19,1,1,2,sand
18,19,1,1,2,sand
19,19,1,1,0,wall
20,19,1,1,2,grass
20,19,1,1,3,tree
21,19,1,1,2,grass
21,19,1,1,3,tree
22,19,1,1,2,grass
22,19,1,1,3,tree
23,19,1,1,2,grass
23,19,1,1,3,tree
24,19,1,1,2,grass
24,19,1,1,3,tree
25,19,1,1,2,grass
25,19,1,1,3,tree
26,19,1,1,2,grass
26,19,1,1,3,tree
27,19,1,1,2,grass
27,19,1,1,3,tree
28,19,1,1,2,grass
28,19,1,1,3,tree
29,19,1,1,2,grass
29,19,1,1,3,tree
3,20,1,1,0,wall
4,20,1,1,0,wall
5,20,1,1,2,sand
6,20,1,1,2,sand
7,20,1,1,2,sand
8,20,1,1,2,sand
9,20,1,1,2,sand
10,20,1,1,2,sand
11,20,1,1,2,sand
12,20,1,1,2,sand
13,20,1,1,0,wall
14,20,1,1,2,sand
15,20,1,1,2,sand
16,20,1,1,2,sand
17,20,1,1,2,sand
18,20,1,1,2,sand
19,20,1,1,0,wall
20,20,1,1,2,grass
20,20,1,1,3,tree
21,20,1,1,2,grass
21,20,1,1,3,tree
22,20,1,1,2,grass
22,20,1,1,3,tree
23,20,1,1,2,grass
23,20,1,1,3,tree
24,20,1,1,2,grass
24,20,1,1,3,tree
25,20,1,1,2,grass
25,20,1,1,3,tree
26,20,1,1,2,grass
26,20,1,1,3,tree
27,20,1,1,2,grass
27,20,1,1,3,tree
28,20,1,1,2,grass
28,20,1,1,3,tree
29,20,1,1,2,grass
29,20,1,1,3,tree
3,21,1,1,0,wall
4,21,1,1,2,sand
5,21,1,1,2,sand
6,21,1,1,2,sand
7,21,1,1,2,sand
8,21,1,1,2,sand
9,21,1,1,2,sand
10,21,1,1,2,sand
11,21,1,1,2,sand
12,21,1,1,2,sand
13,21,1,1,0,wall
14,21,1,1,2,sand
15,21,1,1,2,sand
16,21,1,1,2,sand
17,21,1,1,2,sand
18,21,1,1,2,sand
19,21,1,1,0,wall
20,21,1,1,2,grass
20,21,1,1,3,tree
21,21,1,1,2,grass
21,21,1,1,3,tree
22,21,1,1,2,grass
22,21,1,1,3,tree
23,21,1,1,2,grass
23,21,1,1,3,tree
24,21,1,1,2,grass
24,21,1,1,3,tree
25,21,1,1,2,grass
25,21,1,1,3,tree
26,21,1,1,2,grass
26,21,1,1,3,tree
27,21,1,1,2,grass
27,21,1,1,3,tree
28,21,1,1,2,grass
28,21,1,1,3,tree
29,21,1,1,2,grass
29,21,1,1,3,tree
3,22,1,1,0,wall
4,22,1,1,0,wall
5,22,1,1,2,sand
6,22,1,1,2,sand
7,22,1,1,2,sand
8,22,1,1,2,sand
9,22,1,1,2,sand
10,22,1,1,2,sand
11,22,1,1,2,sand
12,22,1,1,2,sand
13,22,1,1,0,wall
14,22,1,1,2,sand
15,22,1,1,2,sand
16,22,1,1,2,sand
17,22,1,1,2,sand
18,22,1,1,2,sand
19,22,1,1,0,wall
20,22,1,1,2,grass
20,22,1,1,3,tree
21,22,1,1,2,grass
21,22,1,1,3,tree
22,22,1,1,2,grass
22,22,1,1,3,tree
23,22,1,1,2,grass
23,22,1,1,3,tree
24,22,1,1,2,grass
24,22,1,1,3,tree
25,22,1,1,2,grass
25,22,1,1,3,tree
26,22,1,1,2,grass
26,22,1,1,3,tree
27,22,1,1,2,grass
27,22,1,1,3,tree
28,22,1,1,2,grass
28,22,1,1,3,tree
29,22,1,1,2,grass
29,22,1,1,3,tree
4,23,1,1,0,wall
5,23,1,1,0,wall
6,23,1,1,2,sand
7,23,1,1,2,sand
8,23,1,1,2,sand
9,23,1,1,2,sand
10,23,1,1,2,sand
11,23,1,1,2,sand
12,23,1,1,2,sand
13,23,1,1,0,wall
14,23,1,1,2,sand
15,23,1,1,2,sand
16,23,1,1,2,sand
17,23,1,1,2,sand
18,23,1,1,2,sand
19,23,1,1,0,wall
20,23,1,1,2,grass
20,23,1,1,3,tree
21,23,1,1,2,grass
21,23,1,1,3,tree
22,23,1,1,2,grass
22,23,1,1,3,tree
23,23,1,1,2,grass
23,23,1,1,3,tree
24,23,1,1,2,grass
24,23,1,1,3,tree
25,23,1,1,2,grass
25,23,1,1,3,tree
26,23,1,1,2,grass
26,23,1,1,3,tree
27,23,1,1,2,grass
27,23,1,1,3,tree
28,23,1,1,2,grass
28,23,1,1,3,tree
29,23,1,1,2,grass
29,23,1,1,3,tree
5,24,1,1,0,wall
6,24,1,1,0,wall
7,24,1,1,0,wall
8,24,1,1,0,wall
9,24,1,1,0,wall
10,24,1,1,0,wall
11,24,1,1,0,wall
12,24,1,1,0,wall
13,24,1,1,0,wall
14,24,1,1,0,wall
15,24,1,1,0,wall
16,24,1,1,0,wall
17,24,1,1,0,wall
18,24,1,1,0,wall
19,24,1,1,0,wall
20,24,1,1,2,grass
20,24,1,1,3,tree
21,24,1,1,2,grass
21,24,1,1,3,tree
22,24,1,1,2,grass
22,24,1,1,3,tree
23,24,1,1,2,grass
23,24,1,1,3,tree
24,24,1,1,2,grass
24,24,1,1,3,tree
25,24,1,1,2,grass
25,24,1,1,3,tree
26,24,1,1,2,grass
26,24,1,1,3,tree
27,24,1,1,2,grass
27,24,1,1,3,tree
28,24,1,1,2,grass
28,24,1,1,3,tree
29,24,1,1,2,grass
29,24,1,1,3,tree
