0,0,1,1,0,grass
1,0,1,1,0,grass
2,0,1,1,0,grass
3,0,1,1,0,grass
3,0,1,1,1,tree
4,0,1,1,0,grass
4,0,1,1,1,tree
5,0,1,1,0,grass
5,0,1,1,1,tree
6,0,1,1,0,grass
6,0,1,1,1,tree
7,0,1,1,0,grass
7,0,1,1,1,tree
8,0,1,1,0,grass
8,0,1,1,1,tree
9,0,1,1,0,grass
9,0,1,1,1,tree
10,0,1,1,0,grass
10,0,1,1,1,tree
11,0,1,1,0,grass
11,0,1,1,1,tree
12,0,1,1,0,grass
12,0,1,1,1,tree
13,0,1,1,0,grass
13,0,1,1,1,tree
14,0,1,1,0,grass
14,0,1,1,1,tree
15,0,1,1,0,grass
15,0,1,1,1,tree
16,0,1,1,0,grass
16,0,1,1,1,tree
17,0,1,1,0,wall
0,1,1,1,0,grass
1,1,1,1,0,grass
2,1,1,1,0,grass
3,1,1,1,0,grass
4,1,1,1,0,grass
4,1,1,1,1,tree
5,1,1,1,0,grass
5,1,1,1,1,tree
6,1,1,1,0,grass
6,1,1,1,1,tree
7,1,1,1,0,grass
7,1,1,1,1,tree
8,1,1,1,0,grass
8,1,1,1,1,tree
9,1,1,1,0,grass
9,1,1,1,1,tree
10,1,1,1,0,grass
10,1,1,1,1,tree
11,1,1,1,0,grass
11,1,1,1,1,tree
12,1,1,1,0,grass
12,1,1,1,1,tree
13,1,1,1,0,grass
13,1,1,1,1,tree
14,1,1,1,0,grass
14,1,1,1,1,tree
15,1,1,1,0,grass
15,1,1,1,1,tree
16,1,1,1,0,grass
16,1,1,1,1,tree
17,1,1,1,0,wall
0,2,1,1,0,grass
1,2,1,1,0,grass
2,2,1,1,0,grass
3,2,1,1,0,grass
4,2,1,1,0,grass
5,2,1,1,0,grass
6,2,1,1,0,grass
6,2,1,1,1,tree
7,2,1,1,0,grass
7,2,1,1,1,tree
8,2,1,1,0,grass
8,2,1,1,1,tree
9,2,1,1,0,grass
9,2,1,1,1,tree
10,2,1,1,0,grass
10,2,1,1,1,tree
11,2,1,1,0,grass
11,2,1,1,1,tree
12,2,1,1,0,grass
12,2,1,1,1,tree
13,2,1,1,0,grass
13,2,1,1,2,health
14,2,1,1,0,grass
14,2,1,1,1,tree
15,2,1,1,0,grass
15,2,1,1,1,tree
16,2,1,1,0,grass
16,2,1,1,1,tree
17,2,1,1,0,wall
0,3,1,1,0,grass
1,3,1,1,0,grass
2,3,1,1,0,grass
3,3,1,1,0,grass
4,3,1,1,0,grass
5,3,1,1,0,grass
6,3,1,1,0,grass
7,3,1,1,0,grass
7,3,1,1,1,tree
8,3,1,1,0,grass
8,3,1,1,1,tree
9,3,1,1,0,grass
9,3,1,1,1,tree
10,3,1,1,0,grass
10,3,1,1,1,tree
11,3,1,1,0,grass
11,3,1,1,1,tree
12,3,1,1,0,grass
13,3,1,1,0,grass
14,3,1,1,0,grass
14,3,1,1,2,health
15,3,1,1,0,grass
15,3,1,1,1,tree
16,3,1,1,0,grass
16,3,1,1,1,tree
17,3,1,1,0,wall
18,3,1,1,0,tree
0,4,1,1,0,grass
0,4,1,1,1,tree
1,4,1,1,0,grass
2,4,1,1,0,grass
3,4,1,1,0,grass
4,4,1,1,0,grass
5,4,1,1,0,grass
6,4,1,1,0,grass
7,4,1,1,0,grass
8,4,1,1,0,grass
9,4,1,1,0,grass
10,4,1,1,0,grass
11,4,1,1,0,grass
12,4,1,1,0,grass
13,4,1,1,0,grass
14,4,1,1,0,grass
15,4,1,1,0,grass
15,4,1,1,1,tree
16,4,1,1,0,grass
16,4,1,1,1,tree
17,4,1,1,0,wall
18,4,1,1,0,tree
0,5,1,1,0,grass
0,5,1,1,1,tree
1,5,1,1,0,grass
2,5,1,1,0,grass
3,5,1,1,0,grass
4,5,1,1,0,grass
5,5,1,1,0,grass
6,5,1,1,0,grass
7,5,1,1,0,grass
8,5,1,1,0,grass
9,5,1,1,0,grass
10,5,1,1,0,grass
11,5,1,1,0,grass
12,5,1,1,0,grass
13,5,1,1,0,grass
14,5,1,1,0,grass
15,5,1,1,0,grass
15,5,1,1,1,tree
16,5,1,1,0,grass
16,5,1,1,1,tree
17,5,1,1,0,wall
18,5,1,1,0,tree
0,6,1,1,0,grass
0,6,1,1,1,tree
1,6,1,1,0,grass
2,6,1,1,0,grass
3,6,1,1,0,grass
4,6,1,1,0,grass
5,6,1,1,0,grass
5,6,1,1,2,squib
6,6,1,1,0,grass
7,6,1,1,0,grass
8,6,1,1,0,grass
9,6,1,1,0,grass
9,6,1,1,2,squib
10,6,1,1,0,grass
11,6,1,1,0,grass
12,6,1,1,0,grass
13,6,1,1,0,grass
14,6,1,1,0,grass
15,6,1,1,0,grass
15,6,1,1,1,tree
16,6,1,1,0,grass
16,6,1,1,1,tree
17,6,1,1,0,wall
18,6,1,1,0,tree
0,7,1,1,0,grass
0,7,1,1,1,tree
1,7,1,1,0,grass
1,7,1,1,2,mana
2,7,1,1,0,grass
2,7,1,1,2,mana
3,7,1,1,0,grass
4,7,1,1,0,grass
5,7,1,1,0,grass
6,7,1,1,0,grass
7,7,1,1,0,grass
8,7,1,1,0,grass
9,7,1,1,0,grass
10,7,1,1,0,grass
11,7,1,1,0,grass
12,7,1,1,0,grass
12,7,1,1,2,squib
13,7,1,1,0,grass
14,7,1,1,0,grass
15,7,1,1,0,grass
15,7,1,1,1,tree
16,7,1,1,0,grass
16,7,1,1,1,tree
17,7,1,1,0,wall
18,7,1,1,0,tree
0,8,1,1,0,grass
0,8,1,1,1,tree
1,8,1,1,0,grass
1,8,1,1,1,tree
2,8,1,1,0,grass
3,8,1,1,0,grass
4,8,1,1,0,grass
5,8,1,1,0,grass
6,8,1,1,0,grass
7,8,1,1,0,grass
8,8,1,1,0,grass
9,8,1,1,0,grass
9,8,1,1,2,squib
10,8,1,1,0,grass
11,8,1,1,0,grass
12,8,1,1,0,grass
13,8,1,1,0,grass
13,8,1,1,2,squib
14,8,1,1,0,grass
15,8,1,1,0,grass
15,8,1,1,1,tree
16,8,1,1,0,grass
16,8,1,1,1,tree
17,8,1,1,0,wall
18,8,1,1,0,tree
0,9,1,1,0,grass
0,9,1,1,1,tree
1,9,1,1,0,grass
1,9,1,1,1,tree
2,9,1,1,0,grass
3,9,1,1,0,grass
4,9,1,1,0,grass
4,9,1,1,2,squib
5,9,1,1,0,grass
6,9,1,1,0,grass
7,9,1,1,0,grass
8,9,1,1,0,grass
9,9,1,1,0,grass
10,9,1,1,0,grass
11,9,1,1,0,grass
12,9,1,1,0,grass
13,9,1,1,0,grass
14,9,1,1,0,grass
15,9,1,1,0,grass
16,9,1,1,0,grass
16,9,1,1,1,tree
17,9,1,1,0,wall
18,9,1,1,0,tree
0,10,1,1,0,grass
0,10,1,1,1,tree
1,10,1,1,0,grass
1,10,1,1,1,tree
2,10,1,1,0,grass
3,10,1,1,0,grass
4,10,1,1,0,grass
5,10,1,1,0,grass
5,10,1,1,2,squib
6,10,1,1,0,grass
7,10,1,1,0,grass
7,10,1,1,2,squib
8,10,1,1,0,grass
9,10,1,1,0,grass
10,10,1,1,0,grass
11,10,1,1,0,grass
11,10,1,1,2,squib
12,10,1,1,0,grass
13,10,1,1,0,grass
14,10,1,1,0,grass
15,10,1,1,0,grass
16,10,1,1,0,grass
16,10,1,1,1,tree
17,10,1,1,0,wall
0,11,1,1,0,grass
0,11,1,1,1,tree
1,11,1,1,0,grass
1,11,1,1,1,tree
2,11,1,1,0,grass
3,11,1,1,0,grass
4,11,1,1,0,grass
5,11,1,1,0,grass
6,11,1,1,0,grass
7,11,1,1,0,grass
8,11,1,1,0,grass
9,11,1,1,0,grass
10,11,1,1,0,grass
11,11,1,1,0,grass
12,11,1,1,0,grass
13,11,1,1,0,grass
14,11,1,1,0,grass
14,11,1,1,2,squib
15,11,1,1,0,grass
16,11,1,1,0,grass
16,11,1,1,1,tree
17,11,1,1,0,wall
0,12,1,1,0,grass
0,12,1,1,1,tree
1,12,1,1,0,grass
1,12,1,1,1,tree
2,12,1,1,0,grass
3,12,1,1,0,grass
4,12,1,1,0,grass
5,12,1,1,0,grass
6,12,1,1,0,grass
7,12,1,1,0,grass
8,12,1,1,0,grass
9,12,1,1,0,grass
10,12,1,1,0,grass
11,12,1,1,0,grass
11,12,1,1,2,mana
12,12,1,1,0,grass
13,12,1,1,0,grass
14,12,1,1,0,grass
15,12,1,1,0,grass
16,12,1,1,0,grass
16,12,1,1,2,health
17,12,1,1,0,wall
0,13,1,1,0,grass
0,13,1,1,1,tree
1,13,1,1,0,grass
1,13,1,1,1,tree
2,13,1,1,0,grass
3,13,1,1,0,grass
3,13,1,1,2,squib
4,13,1,1,0,grass
5,13,1,1,0,grass
6,13,1,1,0,grass
7,13,1,1,0,grass
8,13,1,1,0,grass
9,13,1,1,0,grass
10,13,1,1,0,grass
11,13,1,1,0,grass
12,13,1,1,0,grass
12,13,1,1,2,squib
13,13,1,1,0,grass
14,13,1,1,0,grass
15,13,1,1,0,grass
16,13,1,1,0,grass
16,13,1,1,1,tree
17,13,1,1,0,wall
0,14,1,1,0,grass
0,14,1,1,1,tree
1,14,1,1,0,grass
1,14,1,1,1,tree
2,14,1,1,0,grass
3,14,1,1,0,grass
4,14,1,1,0,grass
5,14,1,1,0,grass
5,14,1,1,1,tree
6,14,1,1,0,grass
6,14,1,1,1,tree
7,14,1,1,0,grass
7,14,1,1,1,tree
8,14,1,1,0,grass
8,14,1,1,2,squib
9,14,1,1,0,grass
10,14,1,1,0,grass
10,14,1,1,2,squib
11,14,1,1,0,grass
12,14,1,1,0,grass
13,14,1,1,0,grass
14,14,1,1,0,grass
15,14,1,1,0,grass
15,14,1,1,2,health
16,14,1,1,0,grass
16,14,1,1,1,tree
17,14,1,1,0,wall
0,15,1,1,0,grass
0,15,1,1,1,tree
1,15,1,1,0,grass
1,15,1,1,1,tree
2,15,1,1,0,grass
3,15,1,1,0,grass
3,15,1,1,2,mana
4,15,1,1,0,grass
5,15,1,1,0,grass
5,15,1,1,1,tree
6,15,1,1,0,grass
6,15,1,1,1,tree
7,15,1,1,0,grass
7,15,1,1,1,tree
8,15,1,1,0,grass
8,15,1,1,1,tree
9,15,1,1,0,grass
10,15,1,1,0,grass
11,15,1,1,0,grass
11,15,1,1,2,health
12,15,1,1,0,grass
13,15,1,1,0,grass
13,15,1,1,1,tree
14,15,1,1,0,grass
14,15,1,1,1,tree
15,15,1,1,0,grass
15,15,1,1,1,tree
16,15,1,1,0,grass
16,15,1,1,1,tree
17,15,1,1,0,wall
0,16,1,1,0,grass
0,16,1,1,1,tree
1,16,1,1,0,grass
1,16,1,1,1,tree
2,16,1,1,0,grass
2,16,1,1,2,mana
3,16,1,1,0,grass
3,16,1,1,1,tree
4,16,1,1,0,grass
4,16,1,1,1,tree
5,16,1,1,0,grass
5,16,1,1,1,tree
6,16,1,1,0,grass
6,16,1,1,1,tree
7,16,1,1,0,grass
7,16,1,1,1,tree
8,16,1,1,0,grass
8,16,1,1,1,tree
9,16,1,1,0,grass
9,16,1,1,1,tree
10,16,1,1,0,grass
10,16,1,1,2,health
11,16,1,1,0,grass
11,16,1,1,1,tree
12,16,1,1,0,grass
12,16,1,1,1,tree
13,16,1,1,0,grass
13,16,1,1,1,tree
14,16,1,1,0,grass
14,16,1,1,1,tree
15,16,1,1,0,grass
15,16,1,1,1,tree
16,16,1,1,0,grass
16,16,1,1,1,tree
17,16,1,1,0,wall
0,17,1,1,0,grass
0,17,1,1,1,tree
1,17,1,1,0,grass
1,17,1,1,1,tree
2,17,1,1,0,grass
2,17,1,1,1,tree
3,17,1,1,0,grass
3,17,1,1,1,tree
4,17,1,1,0,grass
4,17,1,1,1,tree
5,17,1,1,0,grass
5,17,1,1,1,tree
6,17,1,1,0,grass
6,17,1,1,1,tree
7,17,1,1,0,grass
7,17,1,1,1,tree
8,17,1,1,0,grass
8,17,1,1,1,tree
9,17,1,1,0,grass
9,17,1,1,1,tree
10,17,1,1,0,grass
10,17,1,1,1,tree
11,17,1,1,0,grass
11,17,1,1,1,tree
12,17,1,1,0,grass
12,17,1,1,1,tree
13,17,1,1,0,grass
13,17,1,1,1,tree
14,17,1,1,0,grass
14,17,1,1,1,tree
15,17,1,1,0,grass
15,17,1,1,1,tree
16,17,1,1,0,grass
16,17,1,1,1,tree
17,17,1,1,0,wall
0,18,1,1,0,grass
0,18,1,1,1,tree
1,18,1,1,0,grass
1,18,1,1,1,tree
2,18,1,1,0,grass
2,18,1,1,1,tree
3,18,1,1,0,grass
3,18,1,1,1,tree
4,18,1,1,0,grass
4,18,1,1,1,tree
5,18,1,1,0,grass
5,18,1,1,1,tree
6,18,1,1,0,grass
6,18,1,1,1,tree
7,18,1,1,0,grass
7,18,1,1,1,tree
8,18,1,1,0,grass
8,18,1,1,1,tree
9,18,1,1,0,grass
9,18,1,1,1,tree
10,18,1,1,0,grass
10,18,1,1,1,tree
11,18,1,1,0,grass
11,18,1,1,1,tree
12,18,1,1,0,grass
12,18,1,1,1,tree
13,18,1,1,0,grass
13,18,1,1,1,tree
14,18,1,1,0,grass
14,18,1,1,1,tree
15,18,1,1,0,grass
15,18,1,1,1,tree
16,18,1,1,0,grass
16,18,1,1,1,tree
17,18,1,1,0,wall
0,19,1,1,0,wall
1,19,1,1,0,wall
2,19,1,1,0,wall
3,19,1,1,0,wall
4,19,1,1,0,wall
5,19,1,1,0,wall
6,19,1,1,0,wall
7,19,1,1,0,wall
8,19,1,1,0,wall
9,19,1,1,0,wall
10,19,1,1,0,wall
11,19,1,1,0,wall
12,19,1,1,0,wall
13,19,1,1,0,wall
14,19,1,1,0,wall
15,19,1,1,0,wall
16,19,1,1,0,wall
17,19,1,1,0,wall
0,20,1,1,0,grass
1,20,1,1,0,grass
2,20,1,1,0,grass
3,20,1,1,0,tree
5,20,1,1,0,tree
15,20,1,1,0,tree
0,21,1,1,0,grass
1,21,1,1,0,grass
3,21,1,1,0,tree
5,21,1,1,0,tree
9,21,1,1,0,tree
14,21,1,1,0,tree
15,21,1,1,0,tree
0,22,1,1,0,grass
1,22,1,1,0,grass
4,22,1,1,0,tree
5,22,1,1,0,tree
6,22,1,1,0,tree
8,22,1,1,0,tree
9,22,1,1,0,tree
10,22,1,1,0,tree
11,22,1,1,0,grass
12,22,1,1,0,grass
13,22,1,1,0,grass
14,22,1,1,0,tree
0,23,1,1,0,grass
1,23,1,1,0,grass
2,23,1,1,0,grass
3,23,1,1,0,grass
4,23,1,1,0,grass
5,23,1,1,0,grass
6,23,1,1,0,grass
7,23,1,1,0,grass
8,23,1,1,0,grass
9,23,1,1,0,grass
10,23,1,1,0,grass
11,23,1,1,0,grass
12,23,1,1,0,grass
13,23,1,1,0,tree
14,23,1,1,0,tree
0,24,1,1,0,grass
1,24,1,1,0,tree
2,24,1,1,0,tree
3,24,1,1,0,tree
11,24,1,1,0,tree
12,24,1,1,0,tree
13,24,1,1,0,tree
0,25,1,1,0,tree
