0,0,1,1,0,wall
1,0,1,1,0,wall
2,0,1,1,0,wall
3,0,1,1,0,wall
4,0,1,1,0,wall
5,0,1,1,0,wall
6,0,1,1,0,wall
7,0,1,1,0,wall
8,0,1,1,0,wall
9,0,1,1,0,wall
10,0,1,1,0,wall
11,0,1,1,0,wall
12,0,1,1,0,wall
13,0,1,1,0,wall
14,0,1,1,0,wall
15,0,1,1,0,wall
16,0,1,1,0,wall
17,0,1,1,0,wall
18,0,1,1,0,wall
19,0,1,1,0,wall
20,0,1,1,0,wall
21,0,1,1,0,wall
22,0,1,1,0,wall
23,0,1,1,0,wall
24,0,1,1,0,wall
25,0,1,1,0,wall
26,0,1,1,0,wall
27,0,1,1,0,wall
28,0,1,1,0,wall
29,0,1,1,0,wall
30,0,1,1,0,wall
0,1,1,1,0,wall
1,1,1,1,0,wall
2,1,1,1,0,wall
3,1,1,1,0,wall
4,1,1,1,0,wall
5,1,1,1,0,wall
6,1,1,1,0,wall
7,1,1,1,0,wall
8,1,1,1,0,wall
9,1,1,1,0,wall
10,1,1,1,0,wall
11,1,1,1,0,wall
12,1,1,1,0,wall
13,1,1,1,0,wall
14,1,1,1,0,wall
15,1,1,1,0,wall
16,1,1,1,0,wall
17,1,1,1,0,wall
18,1,1,1,0,wall
19,1,1,1,0,wall
20,1,1,1,0,wall
21,1,1,1,0,wall
22,1,1,1,0,wall
23,1,1,1,0,wall
24,1,1,1,0,wall
25,1,1,1,0,wall
26,1,1,1,1,sand
26,1,1,1,2,health
27,1,1,1,1,sand
28,1,1,1,1,sand
29,1,1,1,1,sand
29,1,1,1,2,mana
30,1,1,1,0,wall
31,1,1,1,0,fire
32,1,1,1,0,fire
33,1,1,1,0,fire
0,2,1,1,0,wall
1,2,1,1,0,wall
2,2,1,1,0,wall
3,2,1,1,0,wall
4,2,1,1,0,wall
5,2,1,1,0,wall
6,2,1,1,0,wall
7,2,1,1,0,wall
8,2,1,1,0,wall
9,2,1,1,0,wall
10,2,1,1,0,wall
11,2,1,1,0,wall
12,2,1,1,0,wall
13,2,1,1,0,wall
14,2,1,1,0,wall
15,2,1,1,0,wall
16,2,1,1,0,wall
17,2,1,1,0,wall
18,2,1,1,0,wall
19,2,1,1,0,wall
20,2,1,1,0,wall
21,2,1,1,0,wall
22,2,1,1,0,wall
23,2,1,1,0,wall
24,2,1,1,0,wall
25,2,1,1,0,wall
26,2,1,1,1,sand
26,2,1,1,2,health
27,2,1,1,1,sand
28,2,1,1,1,sand
29,2,1,1,1,sand
29,2,1,1,2,mana
30,2,1,1,0,wall
32,2,1,1,0,fire
0,3,1,1,0,wall
1,3,1,1,0,wall
2,3,1,1,0,wall
3,3,1,1,0,wall
4,3,1,1,0,wall
5,3,1,1,1,sand
6,3,1,1,1,sand
7,3,1,1,1,sand
8,3,1,1,1,sand
9,3,1,1,1,sand
10,3,1,1,1,sand
11,3,1,1,1,sand
12,3,1,1,1,sand
13,3,1,1,1,sand
14,3,1,1,1,sand
15,3,1,1,1,sand
16,3,1,1,1,sand
17,3,1,1,1,sand
18,3,1,1,1,sand
19,3,1,1,1,sand
20,3,1,1,1,sand
21,3,1,1,1,sand
22,3,1,1,1,sand
23,3,1,1,1,sand
24,3,1,1,1,sand
25,3,1,1,0,wall
26,3,1,1,1,sand
26,3,1,1,2,health
27,3,1,1,1,sand
28,3,1,1,1,sand
29,3,1,1,1,sand
29,3,1,1,2,mana
30,3,1,1,0,wall
31,3,1,1,0,fire
32,3,1,1,0,fire
33,3,1,1,0,fire
0,4,1,1,0,wall
1,4,1,1,0,wall
2,4,1,1,0,wall
3,4,1,1,0,wall
4,4,1,1,0,wall
5,4,1,1,1,sand
6,4,1,1,1,sand
6,4,1,1,2,mana
7,4,1,1,1,sand
8,4,1,1,1,sand
9,4,1,1,1,sand
9,4,1,1,2,health
10,4,1,1,1,sand
11,4,1,1,1,sand
12,4,1,1,1,sand
13,4,1,1,1,sand
14,4,1,1,1,sand
15,4,1,1,1,sand
16,4,1,1,1,sand
17,4,1,1,1,sand
18,4,1,1,1,sand
19,4,1,1,1,sand
20,4,1,1,1,sand
21,4,1,1,1,sand
22,4,1,1,1,sand
23,4,1,1,1,sand
24,4,1,1,1,sand
25,4,1,1,0,wall
26,4,1,1,1,sand
26,4,1,1,2,health
27,4,1,1,1,sand
28,4,1,1,1,sand
29,4,1,1,1,sand
29,4,1,1,2,mana
30,4,1,1,0,wall
0,5,1,1,0,wall
1,5,1,1,0,wall
2,5,1,1,0,wall
3,5,1,1,0,wall
4,5,1,1,0,wall
5,5,1,1,1,sand
6,5,1,1,1,sand
6,5,1,1,2,mana
7,5,1,1,1,sand
8,5,1,1,1,sand
9,5,1,1,1,sand
9,5,1,1,2,health
10,5,1,1,1,sand
11,5,1,1,0,wall
12,5,1,1,0,wall
13,5,1,1,0,wall
14,5,1,1,0,wall
15,5,1,1,0,wall
16,5,1,1,0,wall
17,5,1,1,0,wall
18,5,1,1,0,wall
19,5,1,1,0,wall
20,5,1,1,0,wall
21,5,1,1,0,wall
22,5,1,1,0,wall
23,5,1,1,1,sand
24,5,1,1,1,sand
25,5,1,1,0,wall
26,5,1,1,1,sand
26,5,1,1,2,health
27,5,1,1,1,sand
28,5,1,1,1,sand
29,5,1,1,1,sand
29,5,1,1,2,mana
30,5,1,1,0,wall
31,5,1,1,0,fire
32,5,1,1,0,fire
33,5,1,1,0,fire
0,6,1,1,0,wall
1,6,1,1,0,wall
2,6,1,1,0,wall
3,6,1,1,0,wall
4,6,1,1,0,wall
5,6,1,1,1,sand
6,6,1,1,1,sand
7,6,1,1,1,sand
8,6,1,1,1,sand
9,6,1,1,1,sand
10,6,1,1,1,sand
11,6,1,1,0,wall
12,6,1,1,0,wall
13,6,1,1,0,wall
14,6,1,1,0,wall
15,6,1,1,0,wall
16,6,1,1,0,wall
17,6,1,1,0,wall
18,6,1,1,0,wall
19,6,1,1,0,wall
20,6,1,1,0,wall
21,6,1,1,0,wall
22,6,1,1,0,wall
23,6,1,1,1,sand
24,6,1,1,1,sand
25,6,1,1,0,wall
26,6,1,1,1,sand
26,6,1,1,2,health
27,6,1,1,1,sand
28,6,1,1,1,sand
29,6,1,1,1,sand
29,6,1,1,2,mana
30,6,1,1,0,wall
0,7,1,1,0,wall
1,7,1,1,0,wall
2,7,1,1,0,wall
3,7,1,1,0,wall
4,7,1,1,0,wall
5,7,1,1,1,sand
6,7,1,1,1,sand
7,7,1,1,1,sand
8,7,1,1,1,sand
9,7,1,1,1,sand
10,7,1,1,1,sand
11,7,1,1,0,wall
12,7,1,1,0,wall
13,7,1,1,0,wall
14,7,1,1,0,wall
15,7,1,1,0,wall
16,7,1,1,0,wall
17,7,1,1,0,wall
18,7,1,1,0,wall
19,7,1,1,0,wall
20,7,1,1,0,wall
21,7,1,1,0,wall
22,7,1,1,0,wall
23,7,1,1,1,sand
24,7,1,1,1,sand
25,7,1,1,0,wall
26,7,1,1,0,wall
27,7,1,1,0,wall
28,7,1,1,1,sand
29,7,1,1,1,sand
30,7,1,1,0,wall
0,8,1,1,0,wall
1,8,1,1,0,wall
2,8,1,1,0,wall
3,8,1,1,0,wall
4,8,1,1,0,wall
5,8,1,1,0,wall
6,8,1,1,0,wall
7,8,1,1,0,wall
8,8,1,1,1,sand
9,8,1,1,1,sand
10,8,1,1,0,wall
11,8,1,1,0,wall
12,8,1,1,0,wall
13,8,1,1,0,wall
14,8,1,1,0,wall
15,8,1,1,0,wall
16,8,1,1,0,wall
17,8,1,1,0,wall
18,8,1,1,1,sand
19,8,1,1,1,sand
20,8,1,1,1,sand
21,8,1,1,1,sand
22,8,1,1,0,wall
23,8,1,1,1,sand
24,8,1,1,1,sand
25,8,1,1,1,sand
26,8,1,1,1,sand
27,8,1,1,0,wall
28,8,1,1,1,sand
29,8,1,1,1,sand
30,8,1,1,0,wall
0,9,1,1,0,wall
1,9,1,1,0,wall
2,9,1,1,0,wall
3,9,1,1,0,wall
4,9,1,1,0,wall
5,9,1,1,0,wall
6,9,1,1,0,wall
7,9,1,1,0,wall
8,9,1,1,1,sand
9,9,1,1,1,sand
10,9,1,1,0,wall
11,9,1,1,0,wall
12,9,1,1,0,wall
13,9,1,1,0,wall
14,9,1,1,0,wall
15,9,1,1,0,wall
16,9,1,1,0,wall
17,9,1,1,0,wall
18,9,1,1,1,sand
19,9,1,1,1,sand
20,9,1,1,1,sand
21,9,1,1,1,sand
22,9,1,1,0,wall
23,9,1,1,1,sand
24,9,1,1,1,sand
25,9,1,1,1,sand
26,9,1,1,1,sand
27,9,1,1,0,wall
28,9,1,1,1,sand
29,9,1,1,1,sand
30,9,1,1,0,wall
0,10,1,1,0,wall
1,10,1,1,0,wall
2,10,1,1,0,wall
3,10,1,1,0,wall
4,10,1,1,0,wall
5,10,1,1,0,wall
6,10,1,1,0,wall
7,10,1,1,0,wall
8,10,1,1,1,sand
8,10,1,1,3,fire
9,10,1,1,1,sand
9,10,1,1,3,fire
10,10,1,1,0,wall
11,10,1,1,0,wall
12,10,1,1,0,wall
13,10,1,1,0,wall
14,10,1,1,0,wall
15,10,1,1,0,wall
16,10,1,1,0,wall
17,10,1,1,0,wall
18,10,1,1,1,sand
19,10,1,1,1,sand
20,10,1,1,1,sand
21,10,1,1,1,sand
22,10,1,1,0,wall
23,10,1,1,1,sand
24,10,1,1,1,sand
25,10,1,1,1,sand
26,10,1,1,1,sand
27,10,1,1,0,wall
28,10,1,1,1,sand
29,10,1,1,1,sand
30,10,1,1,0,wall
0,11,1,1,0,wall
1,11,1,1,0,wall
2,11,1,1,0,wall
3,11,1,1,0,wall
4,11,1,1,0,wall
5,11,1,1,0,wall
6,11,1,1,0,wall
7,11,1,1,0,wall
8,11,1,1,1,sand
8,11,1,1,3,fire
9,11,1,1,1,sand
9,11,1,1,3,fire
10,11,1,1,0,wall
11,11,1,1,0,wall
12,11,1,1,0,wall
13,11,1,1,0,wall
14,11,1,1,1,sand
15,11,1,1,1,sand
16,11,1,1,1,sand
17,11,1,1,1,sand
18,11,1,1,1,sand
19,11,1,1,1,sand
20,11,1,1,1,sand
21,11,1,1,1,sand
22,11,1,1,0,wall
23,11,1,1,1,sand
24,11,1,1,1,sand
25,11,1,1,1,sand
26,11,1,1,1,sand
27,11,1,1,0,wall
28,11,1,1,1,sand
29,11,1,1,1,sand
30,11,1,1,0,wall
0,12,1,1,0,wall
1,12,1,1,1,sand
2,12,1,1,1,sand
3,12,1,1,1,sand
4,12,1,1,1,sand
5,12,1,1,1,sand
6,12,1,1,1,sand
7,12,1,1,1,sand
8,12,1,1,1,sand
9,12,1,1,1,sand
10,12,1,1,0,wall
11,12,1,1,0,wall
12,12,1,1,0,wall
13,12,1,1,0,wall
14,12,1,1,1,sand
15,12,1,1,1,sand
16,12,1,1,1,sand
17,12,1,1,1,sand
18,12,1,1,1,sand
19,12,1,1,1,sand
20,12,1,1,1,sand
21,12,1,1,1,sand
22,12,1,1,0,wall
23,12,1,1,0,wall
24,12,1,1,0,wall
25,12,1,1,0,wall
26,12,1,1,0,wall
27,12,1,1,0,wall
28,12,1,1,1,sand
29,12,1,1,1,sand
30,12,1,1,0,wall
0,13,1,1,0,wall
1,13,1,1,1,sand
2,13,1,1,1,sand
2,13,1,1,2,health
3,13,1,1,1,sand
4,13,1,1,1,sand
5,13,1,1,1,sand
6,13,1,1,1,sand
7,13,1,1,1,sand
8,13,1,1,1,sand
8,13,1,1,2,mana
9,13,1,1,1,sand
10,13,1,1,0,wall
11,13,1,1,0,wall
12,13,1,1,0,wall
13,13,1,1,0,wall
14,13,1,1,1,sand
15,13,1,1,1,sand
16,13,1,1,0,wall
17,13,1,1,0,wall
18,13,1,1,1,sand
19,13,1,1,1,sand
20,13,1,1,1,sand
21,13,1,1,1,sand
22,13,1,1,0,wall
23,13,1,1,1,sand
24,13,1,1,1,sand
25,13,1,1,1,sand
26,13,1,1,1,sand
27,13,1,1,0,wall
28,13,1,1,1,sand
29,13,1,1,1,sand
30,13,1,1,0,wall
0,14,1,1,0,wall
1,14,1,1,1,sand
2,14,1,1,1,sand
2,14,1,1,2,health
3,14,1,1,1,sand
4,14,1,1,1,sand
5,14,1,1,1,sand
6,14,1,1,1,sand
7,14,1,1,1,sand
8,14,1,1,1,sand
8,14,1,1,2,mana
9,14,1,1,1,sand
10,14,1,1,0,wall
11,14,1,1,0,wall
12,14,1,1,0,wall
13,14,1,1,0,wall
14,14,1,1,1,sand
15,14,1,1,1,sand
16,14,1,1,0,wall
17,14,1,1,0,wall
18,14,1,1,1,sand
19,14,1,1,1,sand
20,14,1,1,1,sand
21,14,1,1,1,sand
22,14,1,1,0,wall
23,14,1,1,1,sand
24,14,1,1,1,sand
25,14,1,1,1,sand
26,14,1,1,1,sand
27,14,1,1,0,wall
28,14,1,1,1,sand
29,14,1,1,1,sand
30,14,1,1,0,wall
0,15,1,1,0,wall
1,15,1,1,1,sand
2,15,1,1,1,sand
3,15,1,1,1,sand
4,15,1,1,1,sand
5,15,1,1,1,sand
6,15,1,1,1,sand
7,15,1,1,1,sand
8,15,1,1,1,sand
9,15,1,1,1,sand
10,15,1,1,0,wall
11,15,1,1,0,wall
12,15,1,1,0,wall
13,15,1,1,0,wall
14,15,1,1,1,sand
15,15,1,1,1,sand
16,15,1,1,0,wall
17,15,1,1,0,wall
18,15,1,1,1,sand
19,15,1,1,1,sand
20,15,1,1,1,sand
21,15,1,1,1,sand
22,15,1,1,0,wall
23,15,1,1,1,sand
24,15,1,1,1,sand
25,15,1,1,1,sand
26,15,1,1,1,sand
27,15,1,1,0,wall
28,15,1,1,1,sand
29,15,1,1,1,sand
30,15,1,1,0,wall
0,16,1,1,0,wall
1,16,1,1,1,sand
2,16,1,1,1,sand
3,16,1,1,1,sand
4,16,1,1,1,sand
5,16,1,1,1,sand
6,16,1,1,1,sand
7,16,1,1,1,sand
8,16,1,1,1,sand
9,16,1,1,1,sand
10,16,1,1,0,wall
11,16,1,1,0,wall
12,16,1,1,0,wall
13,16,1,1,0,wall
14,16,1,1,1,sand
15,16,1,1,1,sand
16,16,1,1,0,wall
17,16,1,1,0,wall
18,16,1,1,0,wall
19,16,1,1,0,wall
20,16,1,1,0,wall
21,16,1,1,0,wall
22,16,1,1,0,wall
23,16,1,1,1,sand
24,16,1,1,1,sand
25,16,1,1,1,sand
26,16,1,1,1,sand
27,16,1,1,0,wall
28,16,1,1,1,sand
29,16,1,1,1,sand
30,16,1,1,0,wall
0,17,1,1,0,wall
1,17,1,1,1,sand
2,17,1,1,1,sand
3,17,1,1,1,sand
4,17,1,1,1,sand
5,17,1,1,1,sand
6,17,1,1,1,sand
7,17,1,1,1,sand
8,17,1,1,1,sand
9,17,1,1,1,sand
10,17,1,1,0,wall
11,17,1,1,0,wall
12,17,1,1,0,wall
13,17,1,1,0,wall
14,17,1,1,1,sand
14,17,1,1,3,fire
15,17,1,1,1,sand
15,17,1,1,3,fire
16,17,1,1,0,wall
17,17,1,1,0,wall
18,17,1,1,0,wall
19,17,1,1,0,wall
20,17,1,1,0,wall
21,17,1,1,0,wall
22,17,1,1,0,wall
23,17,1,1,1,sand
24,17,1,1,1,sand
25,17,1,1,1,sand
26,17,1,1,1,sand
27,17,1,1,0,wall
28,17,1,1,1,sand
29,17,1,1,1,sand
30,17,1,1,0,wall
0,18,1,1,0,wall
1,18,1,1,1,sand
2,18,1,1,1,sand
3,18,1,1,1,sand
4,18,1,1,1,sand
5,18,1,1,1,sand
6,18,1,1,1,sand
7,18,1,1,1,sand
8,18,1,1,1,sand
9,18,1,1,1,sand
10,18,1,1,0,wall
11,18,1,1,0,wall
12,18,1,1,0,wall
13,18,1,1,0,wall
14,18,1,1,1,sand
14,18,1,1,3,fire
15,18,1,1,1,sand
15,18,1,1,3,fire
16,18,1,1,0,wall
17,18,1,1,0,wall
18,18,1,1,0,wall
19,18,1,1,0,wall
20,18,1,1,0,wall
21,18,1,1,0,wall
22,18,1,1,0,wall
23,18,1,1,1,sand
24,18,1,1,1,sand
25,18,1,1,1,sand
26,18,1,1,1,sand
27,18,1,1,0,wall
28,18,1,1,1,sand
29,18,1,1,1,sand
30,18,1,1,0,wall
0,19,1,1,0,wall
1,19,1,1,0,water
1,19,1,1,1,sand
2,19,1,1,1,sand
3,19,1,1,1,sand
4,19,1,1,1,sand
5,19,1,1,1,sand
6,19,1,1,1,sand
7,19,1,1,1,sand
8,19,1,1,1,sand
9,19,1,1,1,sand
10,19,1,1,1,sand
11,19,1,1,1,sand
12,19,1,1,1,sand
13,19,1,1,1,sand
14,19,1,1,1,sand
15,19,1,1,1,sand
16,19,1,1,1,sand
17,19,1,1,1,sand
18,19,1,1,1,sand
19,19,1,1,1,sand
20,19,1,1,1,sand
21,19,1,1,1,sand
22,19,1,1,1,sand
23,19,1,1,1,sand
24,19,1,1,1,sand
25,19,1,1,1,sand
26,19,1,1,1,sand
27,19,1,1,0,wall
28,19,1,1,1,sand
29,19,1,1,1,sand
30,19,1,1,0,wall
0,20,1,1,0,wall
1,20,1,1,1,sand
2,20,1,1,1,sand
3,20,1,1,1,sand
4,20,1,1,1,sand
5,20,1,1,1,sand
6,20,1,1,1,sand
7,20,1,1,1,sand
8,20,1,1,1,sand
9,20,1,1,1,sand
10,20,1,1,1,sand
11,20,1,1,1,sand
12,20,1,1,1,sand
13,20,1,1,1,sand
14,20,1,1,1,sand
15,20,1,1,1,sand
16,20,1,1,1,sand
17,20,1,1,1,sand
18,20,1,1,1,sand
19,20,1,1,1,sand
20,20,1,1,1,sand
21,20,1,1,1,sand
22,20,1,1,1,sand
23,20,1,1,1,sand
24,20,1,1,1,sand
25,20,1,1,1,sand
26,20,1,1,1,sand
27,20,1,1,0,wall
28,20,1,1,1,sand
29,20,1,1,1,sand
30,20,1,1,0,wall
0,21,1,1,0,wall
1,21,1,1,1,sand
2,21,1,1,1,sand
3,21,1,1,1,sand
4,21,1,1,1,sand
5,21,1,1,1,sand
6,21,1,1,1,sand
7,21,1,1,1,sand
8,21,1,1,1,sand
9,21,1,1,1,sand
10,21,1,1,0,wall
11,21,1,1,0,wall
12,21,1,1,0,wall
13,21,1,1,0,wall
14,21,1,1,1,sand
15,21,1,1,1,sand
16,21,1,1,0,wall
17,21,1,1,0,wall
18,21,1,1,0,wall
19,21,1,1,0,wall
20,21,1,1,1,sand
21,21,1,1,1,sand
22,21,1,1,1,sand
23,21,1,1,1,sand
24,21,1,1,1,sand
25,21,1,1,1,sand
26,21,1,1,1,sand
27,21,1,1,0,wall
28,21,1,1,1,sand
29,21,1,1,1,sand
30,21,1,1,0,wall
0,22,1,1,0,wall
1,22,1,1,1,sand
2,22,1,1,1,sand
3,22,1,1,1,sand
4,22,1,1,1,sand
5,22,1,1,1,sand
6,22,1,1,1,sand
7,22,1,1,1,sand
8,22,1,1,1,sand
9,22,1,1,1,sand
10,22,1,1,0,wall
11,22,1,1,1,sand
11,22,1,1,2,mana
12,22,1,1,1,sand
13,22,1,1,1,sand
14,22,1,1,1,sand
15,22,1,1,1,sand
16,22,1,1,1,sand
17,22,1,1,1,sand
18,22,1,1,1,sand
18,22,1,1,2,health
19,22,1,1,0,wall
20,22,1,1,1,sand
21,22,1,1,1,sand
22,22,1,1,1,sand
23,22,1,1,1,sand
24,22,1,1,1,sand
25,22,1,1,1,sand
26,22,1,1,0,wall
27,22,1,1,0,wall
28,22,1,1,1,sand
29,22,1,1,1,sand
30,22,1,1,0,wall
0,23,1,1,0,wall
1,23,1,1,1,sand
2,23,1,1,1,sand
3,23,1,1,1,sand
4,23,1,1,1,sand
5,23,1,1,1,sand
6,23,1,1,1,sand
7,23,1,1,1,sand
8,23,1,1,1,sand
9,23,1,1,1,sand
10,23,1,1,0,wall
11,23,1,1,1,sand
12,23,1,1,1,sand
13,23,1,1,1,sand
14,23,1,1,1,sand
15,23,1,1,1,sand
16,23,1,1,1,sand
17,23,1,1,1,sand
18,23,1,1,1,sand
19,23,1,1,0,wall
20,23,1,1,1,sand
21,23,1,1,1,sand
22,23,1,1,1,sand
23,23,1,1,1,sand
24,23,1,1,1,sand
25,23,1,1,1,sand
26,23,1,1,0,wall
27,23,1,1,0,wall
28,23,1,1,1,sand
29,23,1,1,1,sand
30,23,1,1,0,wall
0,24,1,1,0,wall
1,24,1,1,1,sand
2,24,1,1,1,sand
3,24,1,1,1,sand
4,24,1,1,1,sand
5,24,1,1,1,sand
6,24,1,1,1,sand
7,24,1,1,1,sand
8,24,1,1,1,sand
9,24,1,1,1,sand
10,24,1,1,0,wall
11,24,1,1,1,sand
12,24,1,1,1,sand
13,24,1,1,0,wall
14,24,1,1,0,wall
15,24,1,1,1,sand
16,24,1,1,1,sand
17,24,1,1,1,sand
18,24,1,1,1,sand
19,24,1,1,0,wall
20,24,1,1,1,sand
21,24,1,1,1,sand
22,24,1,1,1,sand
23,24,1,1,1,sand
24,24,1,1,1,sand
25,24,1,1,1,sand
26,24,1,1,0,wall
27,24,1,1,0,wall
28,24,1,1,1,sand
29,24,1,1,1,sand
30,24,1,1,0,wall
0,25,1,1,0,wall
1,25,1,1,1,sand
2,25,1,1,1,sand
2,25,1,1,2,health
3,25,1,1,1,sand
4,25,1,1,1,sand
5,25,1,1,1,sand
6,25,1,1,1,sand
7,25,1,1,1,sand
8,25,1,1,1,sand
8,25,1,1,2,mana
9,25,1,1,1,sand
10,25,1,1,0,wall
11,25,1,1,1,sand
12,25,1,1,1,sand
13,25,1,1,0,wall
14,25,1,1,0,wall
15,25,1,1,1,sand
16,25,1,1,1,sand
17,25,1,1,1,sand
18,25,1,1,1,sand
19,25,1,1,0,wall
20,25,1,1,1,sand
21,25,1,1,1,sand
22,25,1,1,1,sand
23,25,1,1,1,sand
24,25,1,1,1,sand
25,25,1,1,1,sand
26,25,1,1,0,wall
27,25,1,1,0,wall
28,25,1,1,1,sand
29,25,1,1,1,sand
30,25,1,1,0,wall
0,26,1,1,0,wall
1,26,1,1,1,sand
2,26,1,1,1,sand
2,26,1,1,2,health
3,26,1,1,1,sand
4,26,1,1,1,sand
5,26,1,1,1,sand
6,26,1,1,1,sand
7,26,1,1,1,sand
8,26,1,1,1,sand
8,26,1,1,2,mana
9,26,1,1,1,sand
10,26,1,1,0,wall
11,26,1,1,1,sand
12,26,1,1,1,sand
13,26,1,1,1,sand
14,26,1,1,1,sand
15,26,1,1,1,sand
16,26,1,1,1,sand
17,26,1,1,1,sand
18,26,1,1,1,sand
19,26,1,1,0,wall
20,26,1,1,1,sand
21,26,1,1,1,sand
22,26,1,1,1,sand
23,26,1,1,1,sand
24,26,1,1,1,sand
25,26,1,1,0,wall
26,26,1,1,0,wall
27,26,1,1,0,wall
28,26,1,1,1,sand
29,26,1,1,1,sand
30,26,1,1,0,wall
0,27,1,1,0,wall
1,27,1,1,1,sand
2,27,1,1,1,sand
3,27,1,1,1,sand
4,27,1,1,1,sand
5,27,1,1,1,sand
6,27,1,1,1,sand
7,27,1,1,1,sand
8,27,1,1,1,sand
9,27,1,1,1,sand
10,27,1,1,0,wall
11,27,1,1,1,sand
12,27,1,1,1,sand
13,27,1,1,1,sand
14,27,1,1,1,sand
15,27,1,1,1,sand
16,27,1,1,1,sand
17,27,1,1,1,sand
18,27,1,1,1,sand
19,27,1,1,0,wall
20,27,1,1,1,sand
21,27,1,1,1,sand
22,27,1,1,1,sand
23,27,1,1,1,sand
24,27,1,1,0,wall
25,27,1,1,0,wall
26,27,1,1,0,wall
27,27,1,1,0,wall
28,27,1,1,1,sand
29,27,1,1,1,sand
30,27,1,1,0,wall
0,28,1,1,0,wall
1,28,1,1,0,wall
2,28,1,1,0,wall
3,28,1,1,0,wall
4,28,1,1,1,sand
5,28,1,1,1,sand
6,28,1,1,0,wall
7,28,1,1,0,wall
8,28,1,1,0,wall
9,28,1,1,0,wall
10,28,1,1,0,wall
11,28,1,1,1,sand
12,28,1,1,1,sand
13,28,1,1,1,sand
14,28,1,1,1,sand
15,28,1,1,1,sand
16,28,1,1,1,sand
17,28,1,1,1,sand
18,28,1,1,1,sand
19,28,1,1,0,wall
20,28,1,1,1,sand
21,28,1,1,1,sand
22,28,1,1,1,sand
23,28,1,1,1,sand
24,28,1,1,1,sand
24,28,1,1,2,health
25,28,1,1,0,wall
26,28,1,1,0,wall
27,28,1,1,0,wall
28,28,1,1,1,sand
29,28,1,1,1,sand
30,28,1,1,0,wall
0,29,1,1,0,wall
1,29,1,1,0,wall
2,29,1,1,0,wall
3,29,1,1,0,wall
4,29,1,1,1,sand
5,29,1,1,1,sand
6,29,1,1,0,wall
7,29,1,1,0,wall
8,29,1,1,0,wall
9,29,1,1,0,wall
10,29,1,1,0,wall
11,29,1,1,1,sand
12,29,1,1,1,sand
13,29,1,1,0,wall
14,29,1,1,0,wall
15,29,1,1,1,sand
16,29,1,1,1,sand
17,29,1,1,1,sand
18,29,1,1,1,sand
19,29,1,1,0,wall
20,29,1,1,1,sand
21,29,1,1,1,sand
22,29,1,1,1,sand
23,29,1,1,1,sand
24,29,1,1,1,sand
25,29,1,1,1,sand
26,29,1,1,0,wall
27,29,1,1,0,wall
28,29,1,1,1,sand
29,29,1,1,1,sand
30,29,1,1,0,wall
0,30,1,1,0,wall
1,30,1,1,0,wall
2,30,1,1,0,wall
3,30,1,1,0,wall
4,30,1,1,1,sand
5,30,1,1,1,sand
6,30,1,1,0,wall
7,30,1,1,0,wall
8,30,1,1,0,wall
9,30,1,1,0,wall
10,30,1,1,0,wall
11,30,1,1,1,sand
12,30,1,1,1,sand
13,30,1,1,0,wall
14,30,1,1,0,wall
15,30,1,1,1,sand
16,30,1,1,1,sand
17,30,1,1,1,sand
18,30,1,1,1,sand
19,30,1,1,0,wall
20,30,1,1,0,wall
21,30,1,1,1,sand
22,30,1,1,1,sand
23,30,1,1,1,sand
24,30,1,1,1,sand
25,30,1,1,1,sand
26,30,1,1,0,wall
27,30,1,1,0,wall
28,30,1,1,1,sand
29,30,1,1,1,sand
30,30,1,1,0,wall
0,31,1,1,0,wall
1,31,1,1,0,wall
2,31,1,1,0,wall
3,31,1,1,0,wall
4,31,1,1,1,sand
5,31,1,1,1,sand
6,31,1,1,1,sand
7,31,1,1,1,sand
8,31,1,1,1,sand
9,31,1,1,1,sand
10,31,1,1,0,wall
11,31,1,1,1,sand
12,31,1,1,1,sand
13,31,1,1,1,sand
14,31,1,1,1,sand
15,31,1,1,1,sand
16,31,1,1,1,sand
17,31,1,1,1,sand
18,31,1,1,1,sand
19,31,1,1,0,wall
20,31,1,1,0,wall
21,31,1,1,0,wall
22,31,1,1,0,wall
23,31,1,1,0,wall
24,31,1,1,1,sand
24,31,1,1,2,health
25,31,1,1,0,wall
26,31,1,1,0,wall
27,31,1,1,0,wall
28,31,1,1,1,sand
29,31,1,1,1,sand
30,31,1,1,0,wall
0,32,1,1,0,wall
1,32,1,1,0,wall
2,32,1,1,0,wall
3,32,1,1,0,wall
4,32,1,1,1,sand
5,32,1,1,1,sand
6,32,1,1,1,sand
7,32,1,1,1,sand
8,32,1,1,1,sand
9,32,1,1,1,sand
10,32,1,1,0,wall
11,32,1,1,1,sand
11,32,1,1,2,mana
12,32,1,1,1,sand
13,32,1,1,1,sand
14,32,1,1,1,sand
15,32,1,1,1,sand
16,32,1,1,1,sand
17,32,1,1,1,sand
18,32,1,1,1,sand
18,32,1,1,2,health
19,32,1,1,0,wall
20,32,1,1,0,wall
21,32,1,1,0,wall
22,32,1,1,0,wall
23,32,1,1,0,wall
24,32,1,1,0,wall
25,32,1,1,0,wall
26,32,1,1,0,wall
27,32,1,1,0,wall
28,32,1,1,1,sand
29,32,1,1,1,sand
30,32,1,1,0,wall
0,33,1,1,0,wall
1,33,1,1,0,wall
2,33,1,1,0,wall
3,33,1,1,0,wall
4,33,1,1,1,sand
5,33,1,1,1,sand
6,33,1,1,1,sand
7,33,1,1,1,sand
8,33,1,1,1,sand
9,33,1,1,1,sand
10,33,1,1,0,wall
11,33,1,1,0,wall
12,33,1,1,0,wall
13,33,1,1,0,wall
14,33,1,1,0,wall
15,33,1,1,0,wall
16,33,1,1,0,wall
17,33,1,1,0,wall
18,33,1,1,0,wall
19,33,1,1,0,wall
20,33,1,1,0,wall
21,33,1,1,0,wall
22,33,1,1,0,wall
23,33,1,1,0,wall
24,33,1,1,0,wall
25,33,1,1,0,wall
26,33,1,1,0,wall
27,33,1,1,0,wall
28,33,1,1,1,sand
29,33,1,1,1,sand
30,33,1,1,0,wall
0,34,1,1,0,wall
1,34,1,1,0,wall
2,34,1,1,0,wall
3,34,1,1,0,wall
4,34,1,1,1,sand
5,34,1,1,1,sand
6,34,1,1,1,sand
7,34,1,1,1,sand
8,34,1,1,1,sand
9,34,1,1,1,sand
10,34,1,1,1,sand
11,34,1,1,1,sand
12,34,1,1,1,sand
13,34,1,1,1,sand
14,34,1,1,1,sand
15,34,1,1,1,sand
16,34,1,1,1,sand
17,34,1,1,1,sand
18,34,1,1,1,sand
19,34,1,1,1,sand
20,34,1,1,1,sand
21,34,1,1,1,sand
22,34,1,1,1,sand
23,34,1,1,1,sand
24,34,1,1,1,sand
25,34,1,1,1,sand
26,34,1,1,1,sand
27,34,1,1,1,sand
28,34,1,1,1,sand
29,34,1,1,1,sand
30,34,1,1,0,wall
0,35,1,1,0,wall
1,35,1,1,0,wall
2,35,1,1,0,wall
3,35,1,1,0,wall
4,35,1,1,1,sand
5,35,1,1,1,sand
6,35,1,1,1,sand
7,35,1,1,1,sand
8,35,1,1,1,sand
9,35,1,1,1,sand
10,35,1,1,1,sand
11,35,1,1,1,sand
12,35,1,1,1,sand
13,35,1,1,1,sand
14,35,1,1,1,sand
15,35,1,1,1,sand
16,35,1,1,1,sand
17,35,1,1,1,sand
18,35,1,1,1,sand
19,35,1,1,1,sand
20,35,1,1,1,sand
21,35,1,1,1,sand
22,35,1,1,1,sand
23,35,1,1,1,sand
24,35,1,1,1,sand
25,35,1,1,1,sand
26,35,1,1,1,sand
27,35,1,1,1,sand
28,35,1,1,1,sand
29,35,1,1,1,sand
30,35,1,1,0,wall
0,36,1,1,0,wall
1,36,1,1,0,wall
2,36,1,1,0,wall
3,36,1,1,0,wall
4,36,1,1,0,wall
5,36,1,1,0,wall
6,36,1,1,0,wall
7,36,1,1,0,wall
8,36,1,1,0,wall
9,36,1,1,0,wall
10,36,1,1,0,wall
11,36,1,1,0,wall
12,36,1,1,0,wall
13,36,1,1,0,wall
14,36,1,1,0,wall
15,36,1,1,0,wall
16,36,1,1,0,wall
17,36,1,1,0,wall
18,36,1,1,0,wall
19,36,1,1,0,wall
20,36,1,1,0,wall
21,36,1,1,0,wall
22,36,1,1,0,wall
23,36,1,1,0,wall
24,36,1,1,0,wall
25,36,1,1,0,wall
26,36,1,1,0,wall
27,36,1,1,0,wall
28,36,1,1,0,wall
29,36,1,1,0,wall
30,36,1,1,0,wall
